30 6 5 1 153 0 0 4
29 5 5 0 150 0 0 3
26 4 4 0 0 40 0 48
28 6 6 2 40 32 0 6
28 4 4 0 24 29 0 4
36 6 5 1 81 0 0 2
36 6 6 0 89 0 0 1
26 5 4 0 183 0 0 4
36 6 5 0 93 0 0 1
30 6 4 1 154 0 0 7
28 5 5 1 30 21 0 11
28 4 5 0 153 0 0 3
29 4 5 0 17 27 0 8
28 5 4 0 40 31 0 5
28 5 5 2 158 0 0 2
36 5 6 1 32 14 0 3
28 5 5 1 51 19 0 8
26 5 5 0 13 27 0 5
32 6 6 2 25 31 0 15
28 4 6 0 0 29 0 17
30 6 5 2 139 0 0 2
28 5 4 1 157 0 0 2
28 5 5 0 175 0 0 4
28 5 4 0 179 0 0 4
32 6 4 0 128 0 0 1
28 6 6 1 3 29 0 16
28 5 4 0 7 26 0 27
28 5 4 1 164 0 0 5
30 5 5 0 48 25 0 6
28 4 6 0 0 30 0 16
35 5 7 1 125 0 0 2
27 5 4 1 2 32 0 7
29 5 5 0 1 29 0 18
29 4 5 1 136 0 0 2
36 4 6 0 92 0 0 1
28 6 4 1 63 20 0 7
28 4 4 0 10 32 0 9
30 6 5 1 150 0 0 4
30 6 5 2 72 23 0 3
35 5 6 1 93 0 0 1
36 5 6 0 93 0 0 1
36 5 7 1 90 0 0 2
28 5 6 1 0 31 0 5
28 4 4 0 10 31 0 19
29 5 4 0 93 16 0 5
37 5 6 0 100 0 0 1
31 6 5 1 27 30 0 11
28 6 4 1 57 22 0 4
28 6 4 0 8 22 0 5
30 4 6 0 146 0 0 2
29 4 5 1 46 21 0 10
29 5 5 0 88 22 0 5
28 4 4 0 38 28 0 10
30 6 5 0 156 0 0 6
32 6 5 0 130 0 0 2
30 6 5 1 130 0 0 3
28 4 5 0 5 29 0 8
36 4 5 0 71 0 0 1
28 4 5 0 31 27 0 16
28 5 4 0 22 22 0 22
36 5 5 1 98 0 0 2
32 6 5 1 41 22 0 5
28 4 4 0 1 29 0 5
28 4 4 0 97 13 0 6
28 5 4 0 150 0 0 3
36 5 6 0 96 0 0 1
28 6 5 1 160 0 0 2
28 5 6 0 16 29 0 24
28 4 5 0 21 22 0 7
28 5 5 1 0 31 0 13
32 6 5 0 145 0 0 3
30 6 4 0 153 0 0 3
29 5 5 0 166 0 0 3
28 5 5 0 5 26 0 9
28 5 4 0 0 25 0 14
31 7 5 3 139 0 0 2
28 5 6 0 2 42 0 72
29 5 5 0 1 40 0 8
30 4 5 0 144 0 0 3
29 5 5 0 28 26 0 7
28 5 4 0 0 28 0 25
36 6 5 0 106 0 0 2
31 6 5 0 15 38 0 3
28 4 4 0 45 22 0 6
27 5 4 0 173 0 0 8
28 6 4 0 5 31 0 11
30 4 5 0 142 0 0 2
30 6 5 2 136 0 0 2
30 5 6 0 121 0 0 1
36 6 6 1 108 0 0 2
28 4 4 0 0 30 0 35
28 5 5 1 5 29 0 5
30 6 5 0 6 40 0 24
28 5 4 0 29 24 0 3
32 6 5 2 113 0 0 3
36 4 6 0 100 0 0 1
30 6 5 0 55 19 0 6
29 7 5 3 85 21 0 5
28 5 4 1 11 26 0 4
28 4 5 0 0 41 0 27
32 6 5 0 135 0 0 3
30 6 5 1 33 29 0 6
36 4 6 0 26 18 0 4
28 6 4 1 28 22 0 4
26 4 4 0 0 28 0 6
36 5 5 0 78 0 0 1
28 5 4 0 22 27 0 8
28 5 5 0 147 0 0 1
30 6 5 0 161 0 0 5
36 6 6 0 84 0 0 1
28 5 4 1 47 22 0 6
30 6 4 1 2 22 0 23
28 5 5 0 0 41 0 13
28 4 5 1 0 30 0 21
29 5 4 0 146 0 0 2
36 7 6 1 99 0 0 2
28 5 4 0 102 12 0 6
30 4 6 0 0 39 0 49
28 4 4 0 146 0 0 3
28 4 4 0 139 0 0 2
28 5 4 0 26 22 0 7
30 6 5 0 11 25 0 7
29 5 5 0 63 24 0 2
36 7 6 1 94 0 0 1
30 6 4 1 32 22 0 4
29 5 5 0 81 18 0 10
30 6 4 0 44 24 0 3
30 6 4 0 148 0 0 2
28 6 5 1 168 0 0 3
30 4 5 0 3 24 0 9
30 4 6 0 135 0 0 3
26 4 4 1 24 28 0 8
30 5 5 0 145 0 0 5
26 5 4 1 17 29 0 6
37 5 6 1 79 0 0 1
29 5 4 0 128 0 0 1
28 5 4 1 152 0 0 2
28 4 5 0 21 21 0 29
28 6 4 0 6 29 0 26
36 6 6 0 124 0 0 4
28 4 4 1 0 25 0 11
29 5 6 0 2 38 0 7
28 4 4 0 43 26 0 4
36 4 5 0 72 0 0 1
28 5 5 1 53 20 0 7
28 5 4 0 2 31 0 5
28 6 4 1 54 19 0 36
29 5 4 0 31 29 0 8
30 6 5 1 141 0 0 4
29 5 4 0 136 0 0 3
37 5 6 0 87 0 0 1
29 5 5 0 67 23 0 9
31 5 5 1 31 28 0 7
30 6 5 1 12 29 0 10
30 6 6 1 29 20 0 3
28 5 4 1 37 30 0 2
28 6 4 1 59 19 0 5
26 5 5 1 178 0 0 3
37 5 6 0 92 0 0 2
28 6 4 2 11 29 0 6
27 5 4 0 168 0 0 4
32 7 5 2 154 0 0 2
28 5 4 1 5 30 0 48
28 6 5 0 12 30 0 6
28 4 4 0 0 30 0 9
28 5 5 1 161 0 0 4
28 6 4 1 35 30 0 3
28 5 5 0 59 28 0 9
30 4 5 0 0 27 0 9
31 6 4 1 35 16 0 7
28 4 4 0 156 0 0 4
28 5 5 1 70 22 0 8
36 5 6 0 90 0 0 3
30 5 5 0 7 28 0 24
36 6 5 0 72 0 0 1
28 4 4 0 20 29 0 6
30 6 4 0 60 24 0 8
26 4 4 0 46 28 0 41
30 4 5 0 3 30 0 14
35 5 5 1 99 0 0 1
30 6 5 1 119 11 0 3
30 6 5 0 0 29 0 5
28 5 5 0 58 17 0 5
36 5 6 0 97 0 0 2
29 5 5 0 145 0 0 4
28 6 5 2 87 18 0 4
29 5 5 0 27 30 0 5
30 5 5 0 32 38 0 10
29 5 6 0 0 29 0 43
28 4 5 1 170 0 0 3
31 6 4 0 147 0 0 2
31 6 5 0 152 0 0 5
36 5 5 1 103 0 0 3
27 5 4 0 3 30 0 41
37 5 6 0 79 0 0 1
28 6 4 2 19 26 0 10
30 6 5 1 138 0 0 2
28 6 4 1 0 29 0 10
28 5 4 0 151 0 0 5
29 4 5 1 49 25 0 3
26 4 4 1 0 32 0 33
28 5 4 0 0 41 0 4
30 6 5 0 31 21 0 7
28 5 5 0 0 28 0 10
28 6 5 1 76 22 0 6
28 5 4 1 86 17 0 3
28 5 5 1 4 29 0 19
28 5 4 0 6 27 0 15
28 6 5 0 15 26 0 15
28 5 5 0 17 21 0 17
30 6 4 1 143 0 0 2
29 4 5 1 96 16 0 4
36 6 6 0 96 0 0 1
36 6 6 1 101 0 0 2
28 4 4 0 12 39 0 10
28 5 4 0 33 26 0 4
36 5 6 0 97 0 0 1
36 6 5 0 99 0 0 3
36 5 5 0 62 0 0 1
30 6 4 1 12 23 0 8
28 5 4 0 172 0 0 4
30 6 5 2 132 0 0 1
30 6 5 1 145 0 0 2
28 4 4 0 13 31 0 9
30 4 5 0 8 26 0 9
29 4 5 0 0 30 0 33
29 4 5 1 13 30 0 5
28 4 5 0 0 40 0 73
30 5 4 0 142 0 0 2
29 5 4 1 0 30 0 6
36 6 6 0 94 0 0 1
30 6 5 1 143 0 0 2
28 4 5 0 47 21 0 8
28 6 4 0 50 21 0 7
27 5 5 0 3 31 0 8
32 5 5 0 109 0 0 1
28 5 5 0 21 30 0 15
36 7 6 1 107 0 0 2
30 6 5 1 43 26 0 10
30 6 4 1 46 17 0 5
28 5 4 0 61 17 0 5
28 4 5 0 15 29 0 3
28 5 4 1 22 28 0 15
28 6 5 2 32 30 0 9
27 5 4 0 77 21 0 5
28 5 5 1 12 29 0 13
28 4 4 0 73 17 0 5
30 6 4 1 46 23 0 6
28 4 5 0 9 30 0 10
31 6 5 1 133 0 0 4
31 6 5 0 18 28 0 6
27 5 5 0 16 25 0 3
30 4 5 0 137 0 0 3
28 5 5 0 64 13 0 4
28 5 4 0 160 0 0 3
28 5 5 0 168 0 0 4
28 5 5 1 3 30 0 6
28 4 5 0 4 28 0 4
30 6 5 0 9 29 0 4
26 4 4 0 3 31 0 58
37 5 5 1 86 0 0 1
27 5 4 0 5 31 0 8
35 5 6 1 98 0 0 1
30 5 5 0 2 30 0 2
28 6 5 0 32 25 0 12
26 5 4 0 2 28 0 135
28 4 5 0 10 39 0 14
30 6 5 0 148 0 0 2
28 6 5 0 3 30 0 10
28 5 4 1 160 0 0 3
28 4 5 0 9 29 0 11
36 6 5 0 107 0 0 2
37 5 8 1 108 0 0 3
28 4 4 0 106 12 0 3
31 6 5 0 146 0 0 3
31 7 5 3 139 0 0 3
28 4 5 0 28 31 0 9
32 7 5 2 124 0 0 1
29 5 5 0 3 28 0 10
28 5 5 0 17 30 0 7
28 6 4 1 5 20 0 4
36 4 6 0 88 0 0 1
31 6 5 1 19 26 0 2
36 4 6 0 98 0 0 1
28 5 4 0 157 0 0 5
28 5 6 1 149 0 0 2
28 5 5 0 2 29 0 10
28 4 4 0 42 23 0 8
28 5 4 1 152 0 0 3
37 5 7 0 60 0 0 1
29 5 6 0 0 29 0 21
29 5 4 0 0 29 0 45
36 4 6 0 108 0 0 1
31 5 6 1 51 24 0 5
28 4 5 0 0 30 0 152
30 4 5 0 146 0 0 2
28 4 4 0 164 0 0 3
36 6 6 1 97 0 0 2
36 6 5 0 85 0 0 1
28 5 4 0 17 21 0 14
28 6 5 1 73 22 0 4
37 5 5 0 79 0 0 1
28 6 5 1 159 0 0 4
28 4 4 0 13 23 0 16
28 4 5 0 143 0 0 2
28 4 6 0 31 25 0 3
29 5 5 0 49 20 0 4
28 6 4 1 167 0 0 5
30 6 4 2 15 30 0 6
29 4 5 0 52 20 0 7
28 4 4 0 155 0 0 5
37 5 5 0 66 0 0 0
32 7 4 2 143 0 0 3
28 5 5 1 14 29 0 11
36 6 8 1 101 0 0 1
28 4 6 0 37 24 0 13
36 4 5 0 112 0 0 1
28 5 4 0 61 26 0 6
28 5 4 0 0 29 0 17
28 6 4 0 11 29 0 9
36 6 5 1 83 0 0 1
28 4 5 0 0 37 0 57
30 4 5 0 138 0 0 2
36 4 8 0 97 0 0 1
28 4 6 0 0 29 0 11
32 6 5 0 127 0 0 1
28 5 6 1 46 23 0 6
29 4 5 1 22 20 0 4
28 5 4 0 2 26 0 6
26 5 5 0 43 21 0 7
25 4 4 0 9 31 0 99
29 5 5 0 143 0 0 3
25 5 4 1 4 30 0 6
37 5 7 1 108 0 0 3
30 6 5 0 151 0 0 2
37 5 6 1 87 0 0 1
29 5 4 0 16 30 0 3
28 4 5 0 40 27 0 6
28 4 4 0 5 28 0 34
29 5 5 0 157 0 0 5
32 6 5 1 127 0 0 3
30 5 6 0 150 0 0 2
28 5 4 0 146 0 0 3
30 6 5 1 146 0 0 4
26 6 4 0 18 31 0 26
28 5 4 0 167 0 0 6
28 6 5 1 0 31 0 6
28 4 4 0 141 0 0 4
32 7 4 2 84 17 0 7
29 4 4 0 151 0 0 4
28 5 5 1 177 0 0 4
30 5 5 0 147 0 0 2
28 6 4 1 44 26 0 20
32 6 5 2 115 0 0 2
30 6 4 2 147 0 0 2
30 4 6 0 37 30 0 9
27 5 4 0 168 0 0 3
28 5 4 0 0 30 0 18
30 6 4 2 138 0 0 2
28 5 4 0 52 18 0 9
28 5 4 1 30 31 0 18
27 5 4 0 14 22 0 6
26 4 4 0 7 41 0 12
36 6 6 0 95 0 0 1
30 4 5 0 134 0 0 2
28 5 4 0 0 42 0 33
28 5 5 1 168 0 0 4
28 5 4 0 50 21 0 6
36 6 5 0 73 0 0 1
28 5 5 0 18 29 0 5
36 4 7 0 105 0 0 3
28 5 4 1 11 27 0 5
30 5 5 0 143 0 0 4
30 6 5 0 54 21 0 3
36 6 6 0 95 0 0 1
32 7 5 1 140 0 0 4
28 5 4 0 84 14 0 3
28 5 4 0 58 18 0 3
24 4 4 0 4 31 0 32
28 6 5 0 39 28 0 12
29 5 4 0 22 29 0 9
28 4 4 0 174 0 0 5
32 5 5 0 131 0 0 4
36 5 6 0 93 0 0 1
26 6 4 2 0 29 0 7
36 7 6 1 102 0 0 2
29 7 5 1 4 30 0 11
28 4 5 0 61 15 0 8
36 6 5 0 87 0 0 1
29 7 4 1 139 0 0 4
28 4 4 0 77 16 0 11
28 4 4 0 20 29 0 7
30 5 4 0 42 17 0 5
30 4 5 0 59 22 0 13
26 5 5 0 172 0 0 2
32 7 5 2 91 12 0 5
28 5 5 0 1 29 0 12
28 5 5 0 63 23 0 4
30 4 6 0 144 0 0 3
30 6 4 0 144 0 0 4
29 7 5 1 170 0 0 10
30 5 4 0 135 0 0 2
28 4 5 0 24 32 0 7
28 5 5 0 1 28 0 34
32 6 5 2 109 0 0 1
28 6 5 0 14 28 0 8
36 5 5 1 84 0 0 1
28 6 4 0 89 13 0 6
30 5 4 0 148 0 0 5
28 5 4 0 0 31 0 7
28 5 4 0 0 32 0 12
28 5 4 0 43 29 0 5
25 4 4 0 0 29 0 77
30 5 4 0 6 22 0 16
28 4 4 0 0 25 0 8
36 5 6 1 86 0 0 1
26 6 4 0 18 31 0 21
28 4 5 0 3 26 0 20
28 5 4 0 26 40 0 16
36 6 6 0 87 0 0 1
28 6 5 0 159 0 0 3
36 5 7 0 106 0 0 1
30 6 5 1 138 0 0 2
29 5 6 0 3 32 0 28
28 5 6 1 45 21 0 8
30 4 6 0 0 28 0 61
32 7 6 1 137 0 0 2
28 6 5 0 47 32 0 10
29 5 4 0 4 29 0 11
29 5 5 0 14 26 0 10
28 4 5 0 32 21 0 6
28 4 4 0 2 27 0 11
36 5 5 1 83 0 0 1
32 7 4 1 139 0 0 2
30 5 5 0 5 28 0 17
30 6 5 1 142 0 0 2
28 5 4 1 150 0 0 4
28 5 5 0 33 31 0 9
30 5 4 0 0 24 0 12
37 5 6 0 86 0 0 1
29 4 5 1 128 0 0 2
37 5 6 1 12 34 0 4
29 5 5 0 12 28 0 9
30 6 5 0 163 0 0 2
28 5 4 1 13 32 0 6
28 5 4 0 4 26 0 48
28 4 5 0 5 28 0 54
36 6 5 0 98 0 0 1
28 4 4 0 23 25 0 5
28 4 4 0 67 17 0 3
28 5 4 0 34 24 0 18
28 4 4 0 0 30 0 17
28 5 4 1 0 32 0 4
30 6 5 2 38 23 0 2
28 6 5 0 14 26 0 8
30 6 5 1 144 0 0 4
36 5 5 1 81 0 0 1
30 6 5 1 113 18 0 4
29 5 4 1 144 0 0 3
28 5 5 0 162 0 0 5
30 6 5 1 132 0 0 2
32 6 5 1 53 24 0 7
26 5 4 1 0 31 0 6
28 5 4 0 113 13 0 4
26 4 4 0 12 42 0 44
28 4 4 0 6 28 0 5
29 5 5 0 9 40 0 9
35 5 7 1 122 0 0 2
30 6 4 0 156 0 0 6
31 6 5 1 156 0 0 3
28 5 4 0 31 19 0 46
30 5 5 0 155 0 0 6
28 4 4 0 34 28 0 16
30 4 6 0 42 21 0 10
30 4 7 0 44 22 0 3
26 4 4 0 14 28 0 55
26 4 4 0 6 32 0 5
37 5 6 0 79 0 0 1
28 6 4 1 31 22 0 11
28 6 5 0 82 19 0 3
28 6 5 0 81 19 0 4
30 6 6 2 142 0 0 2
30 4 5 0 151 0 0 3
36 5 6 1 79 0 0 1
27 4 4 0 9 30 0 31
36 5 6 0 91 0 0 1
28 6 4 1 98 18 0 6
28 5 5 0 7 27 0 5
28 4 5 0 10 25 0 5
28 5 5 0 44 24 0 16
32 6 5 0 134 0 0 3
31 6 5 1 59 16 0 5
28 4 5 0 34 27 0 10
30 6 5 0 60 24 0 10
31 5 5 1 36 24 0 4
30 6 5 0 60 22 0 2
28 5 5 1 45 25 0 5
26 4 4 1 5 27 0 8
36 5 5 1 83 0 0 1
27 5 4 0 14 30 0 7
36 5 6 1 85 0 0 1
30 6 5 0 131 0 0 1
28 5 4 1 4 31 0 10
29 5 4 1 156 0 0 3
28 5 4 1 2 26 0 7
28 4 4 0 9 27 0 11
30 6 5 0 167 0 0 4
29 5 5 0 0 30 0 21
30 4 4 0 151 0 0 4
36 6 6 0 69 0 0 1
28 4 4 0 1 30 0 26
30 6 5 0 160 0 0 3
27 5 4 0 14 27 0 49
29 5 6 0 48 29 0 13
28 4 4 0 6 25 0 12
32 6 5 2 48 23 0 3
30 5 5 0 34 22 0 6
28 5 5 0 139 0 0 3
36 6 5 0 88 0 0 1
28 4 5 0 30 27 0 5
28 5 5 1 53 23 0 25
30 6 5 2 23 23 0 7
28 5 4 0 19 26 0 8
29 7 5 1 145 0 0 4
28 6 5 0 0 28 0 12
32 5 5 0 135 0 0 4
28 6 5 1 169 0 0 3
30 6 5 0 121 0 0 2
28 6 7 2 33 30 0 24
28 5 5 0 26 30 0 16
36 5 6 0 83 0 0 1
36 5 5 0 70 0 0 1
30 6 5 1 153 0 0 3
30 5 6 0 54 20 0 2
26 4 4 0 87 17 0 5
28 6 5 1 149 0 0 3
37 5 6 0 99 0 0 2
28 5 5 1 14 29 0 5
30 6 5 0 136 0 0 2
36 5 6 0 87 0 0 1
30 5 5 0 130 0 0 3
30 5 5 0 151 0 0 2
26 4 4 0 0 43 0 46
31 6 5 0 129 0 0 3
29 5 5 0 113 16 0 4
28 6 4 1 5 30 0 13
26 4 5 0 0 30 0 48
36 6 5 0 26 20 0 3
29 5 4 1 147 0 0 3
30 4 5 0 0 26 0 13
29 5 6 0 0 30 0 5
28 5 5 0 9 29 0 10
30 6 5 0 153 0 0 6
32 6 5 2 123 0 0 4
36 5 6 0 84 0 0 1
36 6 6 0 102 0 0 3
28 5 4 0 4 31 0 3
28 5 5 1 37 27 0 10
30 5 6 0 151 0 0 2
30 6 6 0 33 28 0 4
28 5 4 1 0 30 0 9
29 4 4 0 5 40 0 19
36 6 5 0 98 0 0 1
31 7 5 3 55 18 0 4
36 6 5 0 107 0 0 2
35 5 6 1 102 0 0 1
28 4 4 0 0 27 0 8
29 4 4 0 144 0 0 5
28 4 4 1 0 29 0 12
29 4 4 1 2 26 0 5
30 6 4 0 18 31 0 6
28 5 5 0 8 30 0 11
30 5 5 0 148 0 0 2
28 4 5 0 0 30 0 13
28 6 4 1 164 0 0 3
30 4 4 0 134 0 0 1
32 5 5 0 101 0 0 1
28 5 5 0 168 0 0 5
30 6 5 0 144 0 0 3
28 4 4 0 20 25 0 34
36 5 5 1 93 0 0 2
32 6 5 1 134 0 0 1
31 6 5 1 147 0 0 3
28 5 5 0 171 0 0 3
30 6 5 1 154 0 0 2
28 4 4 0 53 23 0 7
37 5 7 0 80 0 0 1
28 5 5 0 0 30 0 19
26 5 4 1 0 42 0 15
28 5 4 0 149 0 0 3
29 5 4 0 125 0 0 1
28 5 5 0 40 33 0 10
28 5 4 0 0 42 0 4
28 4 4 0 2 28 0 10
30 5 4 0 34 22 0 6
30 4 5 0 159 0 0 2
30 6 4 1 135 0 0 3
36 6 6 1 120 0 0 2
30 6 5 0 31 26 0 7
30 6 5 2 143 0 0 4
29 5 5 0 131 0 0 3
30 4 5 0 3 27 0 3
31 6 6 1 25 21 0 3
28 5 4 1 161 0 0 4
26 4 4 0 29 31 0 47
28 5 4 0 48 24 0 4
32 6 5 0 120 0 0 2
28 5 4 0 71 20 0 2
30 4 4 0 140 0 0 3
25 5 4 1 34 31 0 9
37 5 5 1 88 0 0 2
28 5 5 0 83 14 0 2
30 5 4 0 59 20 0 3
36 4 6 0 84 0 0 2
32 7 5 1 134 0 0 2
28 4 4 0 157 0 0 3
28 4 5 0 25 28 0 7
36 5 6 0 76 0 0 1
30 6 4 1 70 18 0 6
36 6 5 0 86 0 0 1
30 5 6 0 10 28 0 17
28 6 4 1 7 31 0 5
31 7 5 3 29 21 0 4
28 5 5 1 155 0 0 3
25 5 5 1 22 43 0 8
30 5 4 0 156 0 0 2
30 6 6 1 153 0 0 3
37 5 5 1 88 0 0 1
27 7 4 3 27 31 0 8
30 6 5 2 136 0 0 1
35 5 6 1 18 17 0 2
30 6 4 1 0 31 0 9
28 4 4 0 147 0 0 2
27 7 4 3 18 29 0 3
28 6 5 1 53 22 0 6
28 4 4 1 0 32 0 11
28 5 4 0 2 29 0 36
36 6 6 1 103 0 0 1
26 5 4 0 0 33 0 23
30 4 5 0 10 27 0 7
29 5 5 0 7 30 0 5
30 4 6 0 3 30 0 21
26 4 5 0 27 29 0 16
28 5 4 0 43 24 0 5
31 7 5 3 130 0 0 2
35 5 7 1 13 26 0 3
29 5 6 0 25 26 0 18
30 6 6 1 67 22 0 3
27 5 4 0 184 0 0 2
30 6 5 2 140 0 0 6
36 6 5 1 86 0 0 1
29 4 5 1 8 31 0 6
31 6 5 0 138 0 0 2
28 4 4 0 142 0 0 2
30 6 4 2 139 0 0 2
28 5 5 0 172 0 0 3
30 6 6 0 33 31 0 7
28 5 5 0 49 22 0 5
28 4 5 0 163 0 0 3
28 6 4 0 42 23 0 3
28 5 5 0 47 29 0 7
29 7 5 1 165 0 0 3
32 6 5 1 35 27 0 11
26 4 4 0 35 29 0 28
30 6 5 2 153 0 0 3
28 5 7 0 11 29 0 17
29 4 6 1 94 14 0 5
28 4 4 0 157 0 0 5
30 6 4 0 134 0 0 3
28 4 5 0 71 13 0 4
30 6 5 1 70 14 0 2
30 6 5 0 167 0 0 2
28 4 4 0 24 27 0 3
30 6 5 1 63 18 0 5
36 4 6 0 95 0 0 1
36 4 7 0 90 0 0 1
36 5 6 0 110 0 0 3
29 5 7 0 45 21 0 4
26 5 4 1 1 29 0 5
28 4 5 1 0 41 0 23
28 5 4 1 4 30 0 42
30 6 5 2 38 22 0 4
36 5 6 1 89 0 0 4
36 5 5 0 67 0 0 1
29 6 4 1 161 0 0 2
28 5 5 0 28 28 0 6
30 6 5 1 14 30 0 28
36 6 5 0 66 0 0 1
28 5 5 0 6 38 0 17
28 4 4 0 22 26 0 23
37 5 6 1 106 0 0 3
28 5 5 1 161 0 0 3
36 6 6 1 89 0 0 1
36 5 5 0 92 0 0 1
30 4 5 0 15 24 0 10
30 6 5 0 62 20 0 2
37 5 6 1 65 0 0 1
28 5 4 0 53 24 0 8
28 6 5 1 1 31 0 16
28 5 5 0 28 26 0 16
28 4 4 0 0 29 0 27
35 5 6 1 111 0 0 1
28 5 5 0 141 0 0 1
28 5 5 0 0 29 0 19
30 5 5 0 17 28 0 5
36 6 6 1 70 0 0 1
30 5 5 0 15 28 0 4
28 6 4 0 14 29 0 15
27 5 5 0 16 30 0 32
28 5 5 0 128 13 0 5
27 5 4 1 97 22 0 3
26 4 5 0 14 31 0 4
30 6 4 0 1 22 0 76
28 5 5 0 0 27 0 26
28 4 5 1 14 31 0 46
28 4 5 0 15 30 0 24
36 5 7 1 101 0 0 1
29 5 5 0 141 0 0 2
37 5 6 0 87 0 0 3
30 6 6 1 83 16 0 6
36 7 6 1 114 0 0 3
28 4 5 0 0 31 0 6
24 4 4 0 3 29 0 78
28 5 4 0 0 32 0 11
28 5 5 0 4 32 0 7
29 4 4 1 138 0 0 5
36 6 5 1 77 0 0 1
30 6 5 2 12 29 0 6
30 6 4 2 145 0 0 3
27 5 4 1 15 28 0 7
28 4 5 1 0 39 0 14
28 5 5 0 172 0 0 3
35 5 6 1 130 0 0 2
28 5 4 0 0 29 0 23
28 4 4 0 19 23 0 8
28 6 4 0 31 23 0 3
30 6 4 1 155 0 0 4
29 5 5 0 15 26 0 7
32 5 6 0 127 0 0 1
30 6 5 0 35 21 0 4
31 5 5 1 1 29 0 27
29 5 5 0 155 0 0 3
28 6 5 0 159 0 0 2
28 5 4 0 70 16 0 4
29 7 4 3 35 28 0 3
30 5 5 0 153 0 0 4
28 5 5 1 166 0 0 3
30 6 5 1 139 0 0 2
28 6 4 1 40 20 0 16
27 5 4 0 42 28 0 12
28 5 6 1 37 27 0 10
26 4 4 0 2 29 0 21
28 5 5 2 14 28 0 15
28 5 4 0 42 22 0 6
28 4 4 1 63 17 0 4
27 4 4 0 66 17 0 4
32 5 6 0 134 0 0 2
30 4 4 0 42 19 0 9
28 4 4 0 17 29 0 6
29 4 5 0 0 38 0 62
25 5 4 1 0 40 0 158
26 4 4 0 0 29 0 233
28 6 4 0 23 30 0 3
28 5 4 0 143 0 0 4
28 5 4 0 68 25 0 9
30 6 5 0 138 0 0 1
28 4 5 0 0 27 0 14
26 5 4 0 69 18 0 11
28 5 4 0 66 18 0 8
28 5 4 0 160 0 0 1
28 6 4 0 1 25 0 4
30 4 5 0 1 30 0 11
28 4 6 0 178 0 0 5
28 5 4 0 39 19 0 7
28 4 5 0 0 41 0 8
29 5 5 0 10 29 0 6
29 5 5 0 135 0 0 1
28 5 4 1 3 32 0 13
28 6 5 1 6 27 0 4
30 5 5 0 8 31 0 10
28 6 4 1 45 22 0 22
29 5 5 0 0 40 0 7
28 4 5 0 148 0 0 3
35 5 6 1 93 0 0 1
30 6 5 0 24 31 0 5
30 4 5 0 24 24 0 10
25 5 4 1 97 33 0 8
36 7 6 1 107 0 0 2
26 4 4 0 75 28 0 7
32 6 5 2 27 31 0 4
30 4 4 0 24 31 0 8
32 6 6 0 127 0 0 1
29 5 4 0 148 0 0 2
28 4 5 0 0 40 0 17
29 4 5 0 49 23 0 8
29 5 5 0 0 26 0 8
37 5 6 1 78 0 0 2
27 5 4 0 0 30 0 35
26 4 5 0 8 42 0 102
31 6 5 0 143 0 0 2
30 6 7 0 15 29 0 11
29 5 4 0 0 28 0 7
29 5 7 0 32 24 0 6
28 6 4 2 56 17 0 5
28 5 4 0 10 28 0 6
32 6 6 2 124 0 0 5
28 5 4 0 166 0 0 4
36 5 6 1 88 0 0 2
28 6 6 1 71 19 0 3
36 5 7 0 103 0 0 2
28 5 5 0 164 0 0 3
29 4 5 1 0 29 0 8
29 5 5 1 40 25 0 6
28 5 4 0 17 28 0 3
27 5 4 1 0 29 0 6
27 5 4 1 22 32 0 10
28 5 5 0 160 0 0 2
28 5 4 0 148 0 0 3
28 5 5 1 163 0 0 5
28 6 4 0 10 28 0 11
30 5 5 0 137 0 0 2
29 5 5 0 0 37 0 8
28 4 4 0 22 28 0 6
26 4 5 0 6 30 0 11
32 6 7 0 155 0 0 2
29 4 4 1 0 29 0 5
26 5 4 0 0 30 0 11
28 4 5 0 4 30 0 8
30 6 5 0 158 0 0 5
30 6 5 0 19 33 0 3
30 4 5 0 5 29 0 8
36 6 7 0 109 0 0 1
26 5 4 1 9 29 0 25
32 7 5 2 40 22 0 2
30 6 5 1 21 24 0 7
30 5 5 0 141 0 0 2
28 4 5 1 18 29 0 4
28 4 5 0 159 0 0 1
36 5 6 1 92 0 0 2
29 5 5 0 152 0 0 3
28 5 5 0 22 30 0 17
36 5 5 0 90 0 0 1
27 5 4 0 76 24 0 12
28 5 4 2 145 0 0 5
28 5 5 0 42 29 0 8
28 5 5 2 75 17 0 4
30 6 4 0 143 0 0 2
28 5 4 1 57 22 0 8
28 5 5 0 32 27 0 4
29 5 4 0 0 29 0 7
32 6 5 2 110 0 0 3
30 6 5 1 134 0 0 3
29 7 5 1 10 31 0 9
36 6 5 0 90 0 0 1
28 5 4 1 170 0 0 2
28 4 4 0 14 29 0 4
36 5 7 0 91 0 0 2
29 5 5 1 159 0 0 2
28 5 5 1 158 0 0 4
30 6 5 0 142 0 0 4
28 4 4 1 144 0 0 4
28 5 5 1 167 0 0 3
29 5 4 0 0 32 0 5
25 5 3 1 57 24 0 5
28 5 4 1 23 27 0 21
30 6 5 0 143 0 0 2
29 6 4 1 150 0 0 2
28 5 4 1 164 0 0 4
29 5 4 0 27 27 0 5
28 5 4 0 25 27 0 9
36 4 6 0 87 0 0 1
28 5 5 2 8 30 0 4
26 5 5 1 44 24 0 21
28 4 5 0 12 26 0 10
28 5 4 0 0 27 0 27
28 5 4 0 168 0 0 2
28 5 6 1 0 30 0 9
28 4 4 0 157 0 0 4
28 5 5 1 4 29 0 6
30 5 5 0 9 29 0 9
28 5 4 0 158 0 0 3
36 6 5 1 89 0 0 1
28 6 4 0 51 25 0 10
28 5 5 0 84 16 0 11
29 4 5 1 24 28 0 8
37 5 6 0 81 0 0 1
26 4 4 0 8 40 0 15
28 6 4 0 165 0 0 4
27 5 4 0 0 27 0 7
28 5 4 0 8 30 0 6
28 6 4 1 3 28 0 15
35 5 5 1 100 0 0 2
28 5 5 0 158 0 0 3
29 5 5 0 4 26 0 13
31 6 5 0 12 29 0 30
36 5 7 0 88 0 0 1
30 6 5 0 31 22 0 10
26 4 4 0 0 32 0 9
30 4 6 0 0 30 0 23
28 5 4 0 160 0 0 5
36 6 6 1 103 0 0 2
28 5 6 0 34 28 0 8
36 7 7 1 106 0 0 1
28 4 4 0 153 0 0 3
36 5 6 0 76 0 0 0
36 5 6 0 95 0 0 1
32 5 5 0 122 0 0 1
36 5 6 1 101 0 0 3
36 6 6 1 92 0 0 1
28 5 5 0 0 30 0 8
31 7 4 3 124 0 0 2
28 4 4 0 21 40 0 37
28 6 4 2 39 22 0 13
26 4 4 0 19 28 0 10
28 4 6 0 150 0 0 3
28 4 4 0 160 0 0 6
30 6 5 0 137 0 0 3
36 5 6 1 103 0 0 5
28 6 4 0 78 23 0 12
32 6 5 0 126 0 0 2
29 5 5 0 142 0 0 2
30 5 5 0 138 0 0 1
28 5 5 0 39 27 0 12
28 6 5 1 16 29 0 3
31 7 5 3 153 0 0 3
25 5 5 1 25 34 0 6
28 5 5 0 12 26 0 9
36 4 5 0 96 0 0 2
28 4 5 0 161 0 0 2
30 5 5 0 157 0 0 3
37 5 6 0 107 0 0 3
28 6 4 1 35 27 0 8
29 7 5 1 161 0 0 2
30 6 5 1 146 0 0 2
28 4 4 0 39 28 0 3
32 6 5 2 35 31 0 7
32 6 5 2 128 0 0 1
28 5 5 0 48 24 0 4
29 5 5 0 0 32 0 5
31 6 4 1 138 0 0 2
28 4 4 0 6 26 0 7
28 4 4 0 5 39 0 3
31 6 4 0 135 0 0 3
36 4 6 0 30 24 0 2
28 6 4 2 164 0 0 4
26 6 5 0 39 34 0 17
26 5 4 0 33 30 0 14
36 6 6 1 106 0 0 2
28 4 5 0 5 33 0 37
37 5 5 0 87 0 0 1
28 4 5 0 20 28 0 4
29 5 5 1 3 40 0 10
30 6 5 0 56 20 0 5
36 5 6 0 105 0 0 3
36 5 6 1 101 0 0 3
30 6 5 1 145 0 0 2
36 4 5 0 90 0 0 1
30 6 5 1 146 0 0 6
28 5 4 1 148 0 0 4
24 4 3 0 12 32 0 202
36 6 6 0 99 0 0 1
36 6 6 0 91 0 0 1
30 6 5 2 139 0 0 3
28 6 5 1 9 31 0 27
28 4 4 0 13 27 0 11
36 5 5 1 100 0 0 2
36 6 6 1 25 21 0 9
32 7 5 1 150 0 0 3
28 5 4 0 92 21 0 5
37 5 6 0 100 0 0 3
28 6 4 0 14 27 0 2
28 5 5 0 153 0 0 2
28 5 4 0 164 0 0 4
28 5 5 1 121 8 0 5
29 7 4 3 59 28 0 10
28 4 4 0 149 0 0 3
30 5 5 0 44 20 0 7
28 5 5 1 3 29 0 15
28 5 4 0 101 23 0 3
28 5 4 0 0 29 0 3
28 6 4 2 2 29 0 13
28 5 4 0 21 30 0 40
30 6 5 1 145 0 0 3
29 5 5 0 2 30 0 5
29 5 5 0 161 0 0 4
36 6 6 0 44 21 0 5
28 6 4 0 170 0 0 2
28 6 4 1 70 21 0 10
28 4 4 1 61 21 0 9
32 6 5 0 120 0 0 2
28 5 4 1 0 28 0 33
27 7 4 1 158 0 0 3
28 5 5 0 11 30 0 18
28 4 4 0 163 0 0 4
25 4 4 1 0 32 0 32
29 5 5 0 58 22 0 2
30 5 6 0 154 0 0 3
28 6 6 1 0 29 0 8
27 5 4 0 35 26 0 17
36 5 6 0 80 0 0 1
28 4 4 0 41 29 0 7
26 5 4 0 20 23 0 15
28 4 4 0 5 28 0 8
30 6 5 0 40 21 0 7
28 4 5 0 0 41 0 265
28 5 6 0 79 23 0 7
30 6 5 1 144 0 0 4
30 6 5 0 49 23 0 7
28 5 5 1 164 0 0 2
28 5 5 0 6 30 0 24
26 6 4 0 0 40 0 9
28 4 5 0 0 28 0 56
29 4 4 1 131 0 0 2
30 6 5 1 148 0 0 3
30 6 5 1 137 0 0 2
28 5 4 0 77 18 0 3
36 7 7 1 19 17 0 4
28 4 5 0 0 26 0 20
30 6 5 1 138 0 0 2
28 4 4 0 150 0 0 3
36 6 6 1 97 0 0 1
28 5 4 0 0 30 0 13
28 5 5 0 170 0 0 3
36 5 6 1 109 0 0 2
30 4 6 0 153 0 0 3
28 5 5 1 159 0 0 2
28 5 5 1 4 28 0 5
28 5 4 0 29 28 0 7
30 4 5 0 12 21 0 4
28 4 5 0 24 26 0 9
30 5 5 0 3 27 0 13
29 5 5 0 2 30 0 5
29 5 4 0 130 0 0 2
30 6 5 1 140 0 0 4
28 4 4 0 24 28 0 8
30 6 5 0 22 31 0 9
30 6 5 1 153 0 0 4
36 5 5 0 87 0 0 1
28 6 5 1 2 31 0 14
36 6 7 0 3 28 0 7
28 5 5 1 170 0 0 3
28 4 5 0 0 30 0 5
30 5 5 0 151 0 0 2
36 7 6 1 99 0 0 1
29 5 4 0 0 30 0 35
30 6 5 0 62 18 0 6
28 5 5 0 44 30 0 9
28 6 5 0 4 26 0 5
28 5 4 0 0 28 0 100
28 5 6 0 3 28 0 5
29 5 5 0 6 26 0 3
30 6 5 0 39 21 0 7
28 5 4 0 82 16 0 4
36 6 5 1 90 0 0 1
28 4 4 0 20 27 0 11
28 5 4 0 0 28 0 21
36 4 6 0 90 0 0 1
29 5 4 0 22 23 0 8
28 4 5 0 0 38 0 27
28 5 4 0 20 28 0 3
28 5 5 1 12 29 0 12
30 6 4 2 149 0 0 3
28 4 4 0 18 29 0 14
30 6 5 1 69 23 0 4
28 4 4 0 5 29 0 21
31 7 5 3 137 0 0 2
36 6 5 1 107 0 0 1
28 5 4 0 147 0 0 5
30 6 5 1 124 0 0 1
27 5 4 0 2 34 0 13
30 4 5 0 84 16 0 3
29 5 5 0 0 38 0 25
28 5 4 1 18 42 0 4
30 4 5 0 4 30 0 6
36 6 5 0 98 0 0 1
27 5 4 0 0 30 0 9
28 5 5 0 37 24 0 20
30 6 5 1 151 0 0 3
28 5 4 0 30 22 0 15
28 4 4 0 0 24 0 7
37 5 6 0 86 0 0 1
28 5 4 0 168 0 0 4
28 5 5 0 70 20 0 5
30 6 4 1 63 17 0 25
36 5 6 0 104 0 0 3
28 5 4 1 158 0 0 5
36 5 8 1 104 0 0 2
28 4 5 0 158 0 0 4
36 5 5 1 108 0 0 3
36 6 5 0 59 15 0 3
30 6 5 1 146 0 0 1
28 5 4 1 5 28 0 12
28 6 5 1 110 11 0 4
36 4 5 0 92 0 0 1
36 6 6 1 71 0 0 1
28 5 5 0 0 37 0 26
35 5 7 1 111 0 0 2
30 6 5 0 24 42 0 15
28 6 4 1 22 21 0 9
28 4 4 0 0 29 0 5
30 6 5 1 130 0 0 1
28 5 4 1 20 30 0 11
29 7 5 3 49 19 0 9
30 6 4 2 17 30 0 5
26 5 5 0 177 0 0 8
28 5 4 0 156 0 0 4
29 5 5 0 137 0 0 3
28 6 4 0 57 23 0 11
36 6 5 0 82 0 0 1
36 4 6 0 96 0 0 2
26 5 5 1 160 0 0 6
30 6 5 1 159 0 0 4
28 5 4 0 44 32 0 8
36 5 7 1 100 0 0 1
28 6 4 1 27 28 0 4
36 6 6 0 100 0 0 2
28 5 4 0 163 0 0 3
28 4 5 0 66 16 0 9
28 6 4 0 57 24 0 5
28 6 4 1 22 23 0 26
26 4 4 1 29 24 0 5
28 6 4 1 66 21 0 9
30 6 5 1 132 0 0 2
28 5 5 0 0 41 0 40
36 5 5 1 81 0 0 2
28 5 4 1 37 32 0 7
28 4 5 0 158 0 0 4
37 5 5 0 82 0 0 1
36 4 7 0 102 0 0 1
36 6 5 1 83 0 0 1
30 5 5 0 8 30 0 11
28 5 5 0 0 27 0 15
28 6 5 0 0 40 0 25
28 5 5 1 62 31 0 3
28 5 5 0 56 22 0 8
35 5 6 1 118 0 0 1
28 4 4 1 27 21 0 3
36 6 6 0 92 0 0 1
36 6 5 0 116 0 0 5
28 4 4 0 149 0 0 4
29 5 5 0 83 21 0 10
28 6 5 2 0 38 0 20
30 5 4 0 125 0 0 2
27 5 4 1 11 28 0 19
30 4 5 0 100 8 0 4
28 5 4 1 50 24 0 6
30 4 6 0 35 24 0 9
28 5 5 0 25 24 0 7
29 4 5 0 147 0 0 4
37 5 6 1 82 0 0 1
28 5 4 1 44 19 0 5
30 6 5 2 38 17 0 5
36 5 5 0 78 0 0 1
30 4 5 0 130 0 0 2
27 5 4 0 0 31 0 19
28 5 5 1 106 16 0 9
28 5 4 0 6 29 0 4
29 5 5 0 155 0 0 4
36 5 5 1 99 0 0 1
36 7 7 1 108 0 0 1
30 6 5 0 49 21 0 5
27 5 4 0 59 22 0 19
28 4 5 0 67 16 0 4
28 5 4 0 155 0 0 4
30 6 4 0 156 0 0 3
30 6 5 2 155 0 0 2
36 6 6 0 43 23 0 6
28 6 4 1 10 29 0 6
29 4 4 0 60 18 0 4
28 5 5 1 92 16 0 3
36 6 6 1 104 0 0 1
28 4 4 0 81 22 0 3
30 6 5 0 115 11 0 4
37 5 7 0 86 0 0 1
29 7 5 1 25 24 0 10
36 6 5 0 70 0 0 1
26 4 4 1 0 31 0 45
29 5 6 0 139 0 0 2
28 4 4 0 6 30 0 19
36 4 6 0 96 0 0 2
30 6 4 0 23 22 0 21
25 4 4 1 10 43 0 32
30 4 5 0 3 21 0 5
36 6 6 0 94 0 0 1
30 6 5 1 141 0 0 3
28 4 5 0 28 27 0 4
26 6 4 0 5 30 0 27
30 5 5 0 28 31 0 16
29 4 4 1 144 0 0 1
28 4 5 0 30 31 0 5
36 6 6 1 96 0 0 1
28 4 5 0 3 40 0 36
28 5 5 0 5 29 0 4
32 6 6 2 123 0 0 3
36 4 6 0 76 0 0 1
28 4 4 0 0 27 0 14
30 4 4 0 137 0 0 3
29 5 5 0 12 26 0 10
29 4 5 1 0 29 0 14
31 7 5 3 14 27 0 7
28 6 4 1 48 22 0 4
36 6 5 1 70 0 0 1
29 5 5 0 29 21 0 11
36 6 5 0 94 0 0 1
28 5 4 1 14 30 0 3
26 6 6 0 0 40 0 33
26 6 4 0 15 33 0 9
32 7 4 2 131 0 0 5
31 6 5 0 7 22 0 6
29 5 4 0 145 0 0 4
28 6 4 1 50 23 0 7
28 5 4 0 11 30 0 14
36 5 6 0 101 0 0 3
28 4 5 0 0 31 0 28
28 4 4 1 3 29 0 3
28 6 4 0 29 29 0 10
32 6 6 1 16 19 0 4
26 4 5 1 7 42 0 3
36 5 5 0 96 0 0 1
29 5 4 2 41 20 0 5
28 4 4 0 0 28 0 6
29 5 5 0 63 20 0 10
28 4 5 0 90 19 0 9
28 5 4 0 80 19 0 4
36 5 6 0 96 0 0 2
28 6 5 1 38 25 0 8
29 5 5 0 148 0 0 2
37 5 5 0 69 0 0 2
28 4 4 0 0 31 0 15
28 5 4 0 0 31 0 24
35 5 5 1 104 0 0 3
27 5 4 0 167 0 0 6
30 6 5 1 20 27 0 8
28 5 4 0 63 19 0 4
37 5 6 0 79 0 0 1
28 6 5 1 13 29 0 34
29 5 4 1 0 32 0 5
29 5 4 0 5 30 0 4
28 4 5 0 5 29 0 5
28 6 5 0 35 31 0 5
26 5 5 1 166 0 0 5
30 6 5 0 135 0 0 3
27 5 4 0 70 32 0 9
28 4 4 0 50 20 0 19
28 5 5 1 163 0 0 3
32 6 5 1 121 0 0 3
28 5 4 0 2 31 0 8
26 6 4 0 183 0 0 2
37 5 5 1 83 0 0 1
36 6 5 1 101 0 0 1
28 4 4 1 1 28 0 13
28 6 4 1 13 31 0 6
28 6 4 0 28 31 0 6
36 5 5 0 80 0 0 1
28 4 4 0 0 28 0 8
28 5 5 2 22 26 0 3
27 7 5 1 10 30 0 28
28 5 5 1 85 22 0 7
28 4 5 0 151 0 0 3
28 5 4 1 20 30 0 12
26 4 4 1 8 29 0 14
30 6 5 1 19 21 0 22
30 6 6 0 149 0 0 2
36 5 5 0 91 0 0 2
28 5 4 1 15 40 0 4
28 5 4 1 23 31 0 28
30 6 5 0 151 0 0 3
36 6 5 0 120 0 0 2
36 4 7 0 79 0 0 1
28 5 4 1 78 13 0 3
28 5 4 0 0 31 0 9
30 6 6 1 15 30 0 27
30 6 4 0 23 24 0 15
30 5 4 0 152 0 0 3
36 5 6 1 118 0 0 2
30 6 4 0 42 23 0 8
32 6 5 1 120 0 0 1
30 6 4 0 129 0 0 3
30 6 4 0 126 0 0 1
30 6 4 0 76 21 0 3
28 5 4 1 28 30 0 13
28 4 4 0 16 29 0 13
28 6 4 1 16 28 0 6
30 6 5 0 149 0 0 5
36 5 6 1 96 0 0 2
30 4 5 0 31 21 0 6
35 5 5 1 92 0 0 1
28 6 4 0 35 31 0 8
30 6 5 1 58 19 0 3
32 6 6 1 134 0 0 8
29 5 6 0 161 0 0 3
28 4 4 0 43 20 0 4
28 6 4 1 65 17 0 13
32 7 5 1 126 0 0 3
30 6 5 0 148 0 0 2
28 4 5 0 0 32 0 10
36 7 6 1 27 19 0 6
36 6 6 1 85 0 0 1
30 4 5 0 128 0 0 2
28 5 5 0 139 0 0 7
28 5 4 0 10 29 0 5
28 4 5 0 0 30 0 14
28 6 5 1 160 0 0 2
30 6 4 1 112 0 0 2
30 6 5 0 32 24 0 14
27 5 5 1 26 22 0 7
28 5 4 0 44 23 0 5
28 6 4 2 40 29 0 3
32 6 5 2 116 0 0 3
28 5 5 0 105 13 0 6
28 5 5 1 95 19 0 4
30 5 6 0 123 0 0 2
30 6 4 1 3 28 0 4
29 4 5 1 11 27 0 4
30 5 4 0 4 29 0 3
30 6 4 1 159 0 0 4
29 5 4 0 141 0 0 2
28 5 5 0 23 31 0 37
36 6 6 1 18 20 0 3
28 6 5 0 0 32 0 3
30 4 6 0 27 18 0 3
30 6 5 0 125 0 0 2
30 5 4 0 100 10 0 3
29 5 5 0 0 29 0 11
28 5 5 0 10 30 0 11
28 6 4 1 46 22 0 7
28 4 5 0 1 27 0 5
37 5 5 0 85 0 0 1
28 6 4 0 23 30 0 4
28 6 4 1 18 30 0 55
28 5 5 1 175 0 0 7
37 5 6 0 100 0 0 2
29 5 5 1 153 0 0 2
30 4 4 0 129 0 0 1
28 5 4 0 11 28 0 8
28 6 6 1 11 26 0 40
28 4 5 0 0 29 0 12
29 5 5 1 165 0 0 5
32 7 5 2 116 0 0 2
36 6 6 0 86 0 0 1
28 4 6 1 5 31 0 23
36 5 5 0 95 0 0 1
28 5 4 1 159 0 0 1
28 5 4 0 159 0 0 3
36 5 6 0 95 0 0 1
30 6 4 0 143 0 0 2
28 5 5 1 32 29 0 4
27 5 5 1 39 31 0 3
32 6 5 1 116 0 0 1
29 5 4 0 149 0 0 3
32 6 6 2 32 27 0 4
29 5 5 0 76 21 0 4
30 4 5 0 68 27 0 9
30 6 4 2 130 0 0 4
30 6 5 0 146 0 0 2
25 4 3 0 0 31 0 161
28 5 4 0 175 0 0 4
30 6 4 0 163 0 0 3
30 6 4 1 150 0 0 7
36 5 7 0 89 0 0 1
36 6 7 1 104 0 0 2
36 6 5 0 79 0 0 1
32 6 4 0 142 0 0 2
36 6 6 1 84 0 0 1
36 5 6 1 95 0 0 1
28 4 4 0 6 29 0 11
29 5 5 0 4 30 0 6
37 5 6 1 72 0 0 1
28 6 4 0 23 32 0 10
28 6 4 1 25 28 0 12
28 4 4 0 19 29 0 3
29 7 4 3 47 29 0 9
28 5 4 0 146 0 0 2
37 5 5 0 85 0 0 2
28 4 5 0 0 30 0 87
28 5 4 0 20 26 0 11
30 6 4 2 36 29 0 6
28 5 4 2 0 29 0 7
28 5 4 0 165 0 0 5
28 5 4 0 172 0 0 3
30 6 6 2 152 0 0 4
28 6 5 0 88 22 0 6
30 5 5 0 15 22 0 8
29 4 6 0 7 39 0 8
29 6 4 1 53 22 0 5
28 5 5 0 61 22 0 19
28 6 5 0 77 21 0 3
28 5 5 0 2 41 0 9
30 5 5 0 16 39 0 13
36 6 6 0 110 0 0 1
30 5 4 0 6 28 0 14
30 5 5 0 159 0 0 5
36 6 6 1 99 0 0 2
26 6 4 2 45 25 0 7
28 5 5 1 18 32 0 8
28 5 5 1 79 18 0 10
28 4 4 0 150 0 0 3
30 5 6 0 23 27 0 6
31 6 5 1 127 0 0 1
29 5 4 0 26 30 0 2
30 6 5 0 149 0 0 4
36 7 6 1 118 0 0 1
26 4 4 0 47 22 0 5
36 5 6 1 114 0 0 5
36 5 5 0 99 0 0 3
30 6 5 1 145 0 0 2
36 5 6 1 97 0 0 1
28 6 4 1 9 28 0 14
29 5 4 0 0 30 0 18
30 6 5 2 49 30 0 5
36 6 6 1 113 0 0 3
26 5 4 0 114 11 0 8
26 4 4 0 0 32 0 8
36 5 6 1 106 0 0 1
28 4 5 0 12 29 0 25
29 5 4 0 5 27 0 9
28 6 4 0 16 28 0 8
28 4 5 0 81 20 0 4
36 6 6 0 83 0 0 1
30 4 4 0 2 25 0 31
36 4 6 0 99 0 0 4
36 5 7 0 99 0 0 2
30 6 5 1 134 0 0 2
28 5 4 0 159 0 0 3
31 6 5 0 125 0 0 1
28 5 4 2 142 0 0 3
28 5 4 1 46 23 0 6
30 6 5 1 48 22 0 4
36 6 6 0 68 13 0 1
28 4 5 0 27 29 0 47
30 6 4 0 35 19 0 8
28 4 5 0 37 28 0 15
28 5 5 2 52 21 0 3
29 5 5 0 12 22 0 40
31 6 4 0 139 0 0 1
28 4 6 1 5 31 0 68
30 5 5 0 159 0 0 4
31 5 5 1 27 22 0 20
30 4 5 0 132 0 0 2
26 4 4 0 0 32 0 36
28 4 6 0 0 30 0 3
28 5 5 0 29 21 0 4
36 6 6 1 90 0 0 1
36 5 6 1 90 0 0 1
28 6 5 1 0 32 0 6
30 6 5 0 16 22 0 13
29 4 4 1 0 39 0 10
37 5 7 0 97 0 0 1
28 5 4 1 0 29 0 14
30 5 4 0 137 0 0 3
28 6 6 0 40 28 0 8
28 4 5 0 3 30 0 192
28 5 4 0 7 25 0 22
29 5 6 0 0 30 0 3
28 4 5 0 26 29 0 16
29 5 4 1 22 24 0 6
27 5 4 1 161 0 0 3
28 6 4 0 159 0 0 4
28 4 4 1 0 41 0 32
29 4 6 0 3 29 0 9
32 7 5 2 138 0 0 4
28 6 4 1 29 29 0 8
31 5 6 1 1 29 0 4
28 5 4 0 49 21 0 13
30 5 5 0 0 28 0 7
30 6 5 1 38 30 0 8
30 5 6 0 118 0 0 6
28 4 4 0 39 32 0 4
30 6 5 0 15 29 0 4
30 5 4 0 3 28 0 6
29 4 4 1 0 24 0 5
28 5 5 1 4 28 0 6
28 4 6 0 0 29 0 14
28 4 4 0 37 30 0 7
30 6 5 1 153 0 0 2
28 4 5 1 11 30 0 23
32 6 5 1 111 0 0 3
29 4 5 0 7 22 0 9
30 5 5 0 12 26 0 12
29 5 4 1 41 22 0 6
32 7 5 1 31 22 0 13
31 6 5 0 14 21 0 4
28 4 5 0 170 0 0 4
36 6 6 1 109 0 0 2
28 4 5 0 0 40 0 26
28 4 4 1 17 24 0 21
28 6 6 0 11 31 0 65
32 6 5 2 119 0 0 3
28 5 4 0 153 0 0 4
28 5 5 1 25 24 0 5
28 6 5 1 28 23 0 5
36 6 5 0 78 0 0 1
28 5 5 1 22 39 0 21
28 5 4 0 153 0 0 2
29 7 5 1 29 21 0 4
30 5 6 0 55 24 0 9
36 6 6 0 80 0 0 1
30 6 5 1 152 0 0 4
29 4 6 0 140 0 0 2
30 6 4 2 141 0 0 2
28 5 6 0 3 40 0 24
36 6 6 0 109 0 0 1
28 6 5 0 12 30 0 90
30 6 5 1 158 0 0 3
28 6 4 0 157 0 0 2
28 5 5 0 25 21 0 6
30 6 4 0 158 0 0 3
26 4 4 1 17 29 0 9
28 5 5 1 131 17 0 4
28 5 4 0 163 0 0 5
32 6 5 1 32 30 0 9
26 5 4 1 36 23 0 7
36 6 5 1 112 0 0 3
28 6 4 1 22 31 0 36
28 4 5 0 1 29 0 8
25 5 4 1 3 30 0 14
28 5 5 0 164 0 0 2
30 6 5 0 27 30 0 9
28 6 5 0 166 0 0 3
36 6 6 0 110 0 0 1
32 6 6 0 145 0 0 3
30 6 5 0 6 28 0 11
28 6 5 2 4 28 0 27
30 4 5 0 20 29 0 17
28 6 5 1 37 26 0 39
28 5 5 0 160 0 0 4
28 5 4 1 129 0 0 4
28 5 5 1 159 0 0 3
31 6 5 0 154 0 0 2
28 5 5 0 171 0 0 3
29 5 4 0 1 29 0 10
30 6 5 0 31 31 0 24
27 5 5 0 25 41 0 16
30 4 4 0 17 38 0 3
36 6 6 0 102 0 0 2
36 7 6 1 78 0 0 1
30 6 5 0 0 30 0 16
28 6 4 1 90 18 0 8
30 6 5 1 143 0 0 3
29 5 4 0 18 30 0 22
28 4 5 1 80 15 0 7
36 5 6 0 88 0 0 1
30 5 5 0 130 0 0 1
28 5 5 0 159 0 0 6
31 6 4 1 131 0 0 3
31 6 5 0 36 21 0 4
29 5 5 0 16 30 0 4
30 4 7 0 0 28 0 9
29 7 6 1 179 0 0 4
29 5 5 0 62 24 0 2
30 4 5 0 26 25 0 6
28 4 5 0 16 29 0 7
26 5 4 0 108 13 0 5
25 4 4 1 0 31 0 125
28 5 5 1 8 29 0 6
30 5 5 0 44 25 0 9
30 6 6 2 3 29 0 5
28 5 5 0 4 39 0 48
28 6 4 2 72 18 0 3
28 4 5 0 3 27 0 12
30 5 5 0 141 0 0 3
30 5 5 0 11 31 0 6
30 6 4 0 153 0 0 2
28 5 5 0 167 0 0 3
27 4 4 0 0 31 0 33
28 4 5 0 26 31 0 5
28 5 4 0 146 0 0 4
30 6 6 0 127 10 0 4
28 4 4 0 21 22 0 6
28 4 4 0 15 30 0 5
29 5 5 0 142 0 0 2
29 5 5 1 138 0 0 4
28 6 4 2 6 29 0 4
30 4 5 0 10 30 0 7
28 4 5 0 162 0 0 5
28 5 4 1 84 18 0 5
26 4 5 1 1 42 0 5
29 5 5 0 0 37 0 52
35 5 6 1 111 0 0 2
36 6 7 1 102 0 0 2
28 4 5 0 24 39 0 11
29 4 5 0 4 30 0 75
30 5 4 0 70 20 0 4
28 6 4 1 24 30 0 5
32 5 5 0 20 25 0 10
28 5 6 0 4 32 0 58
29 4 5 1 133 0 0 6
28 4 5 0 36 30 0 5
29 5 5 1 143 0 0 2
27 7 4 1 123 18 0 3
28 5 4 1 2 27 0 25
28 6 5 1 66 15 0 5
32 6 6 0 128 0 0 1
28 5 5 0 1 39 0 24
36 5 6 0 80 0 0 2
27 4 5 0 12 29 0 20
36 5 6 0 112 0 0 2
26 4 3 0 7 30 0 32
36 6 6 1 103 0 0 2
28 4 4 0 170 0 0 4
32 7 5 1 0 29 0 6
36 6 5 1 76 0 0 2
26 4 3 0 0 29 0 35
30 6 5 0 35 21 0 10
28 4 5 0 5 29 0 5
29 4 5 1 25 26 0 11
28 6 4 0 156 0 0 3
30 5 5 0 87 10 0 6
36 6 6 1 106 0 0 2
28 5 4 0 53 16 0 6
28 4 4 0 34 31 0 13
28 6 5 2 38 31 0 11
30 6 5 1 137 0 0 2
37 5 5 0 101 0 0 2
28 6 5 2 42 22 0 9
28 5 4 0 34 22 0 8
28 4 4 0 59 18 0 9
36 5 5 0 97 0 0 2
28 6 6 0 20 31 0 11
28 6 5 0 1 40 0 20
29 5 5 0 155 0 0 4
28 4 4 0 55 15 0 4
36 4 7 0 78 0 0 1
36 6 6 0 90 0 0 1
30 4 6 0 17 26 0 9
28 4 5 0 3 31 0 9
37 5 6 0 65 0 0 0
28 4 5 0 0 31 0 16
30 5 5 0 133 0 0 2
26 5 4 0 15 31 0 6
29 5 4 0 20 27 0 4
29 5 5 0 146 0 0 2
36 6 5 1 89 0 0 1
28 4 4 0 39 21 0 4
29 5 5 1 69 22 0 4
30 4 5 0 67 19 0 13
30 5 5 0 22 27 0 15
36 6 6 1 83 0 0 1
36 5 6 1 91 0 0 2
26 4 4 0 9 30 0 25
28 6 5 2 66 18 0 2
30 5 5 0 4 31 0 3
36 6 6 1 92 0 0 1
30 6 5 1 150 0 0 4
36 6 6 0 90 0 0 1
28 6 4 1 3 30 0 32
30 6 6 0 159 0 0 6
30 6 4 0 13 28 0 10
30 6 4 0 152 0 0 2
29 5 4 0 2 25 0 8
28 5 5 1 6 30 0 11
30 6 5 2 48 26 0 4
28 5 4 0 21 27 0 20
26 4 4 0 47 28 0 4
28 4 5 0 1 29 0 19
29 5 4 0 27 27 0 5
28 6 5 1 10 32 0 32
32 5 5 0 105 0 0 2
29 5 5 0 142 0 0 4
32 6 6 0 124 0 0 1
30 6 5 1 157 0 0 5
28 4 6 0 157 0 0 6
28 6 4 0 24 20 0 10
28 5 4 0 56 26 0 3
30 6 5 0 28 34 0 7
28 6 4 2 14 27 0 15
29 5 5 0 155 0 0 3
28 4 4 0 0 30 0 23
26 4 4 0 0 31 0 171
30 6 5 0 143 0 0 3
28 4 4 0 4 27 0 9
28 5 4 0 48 31 0 7
36 6 6 1 118 0 0 2
26 4 4 1 182 0 0 2
28 6 4 0 0 27 0 4
36 6 6 0 85 0 0 1
30 6 4 2 45 23 0 6
30 6 5 1 144 0 0 2
36 6 6 1 82 0 0 1
36 5 5 0 76 0 0 1
28 6 4 0 33 24 0 7
30 4 5 0 22 25 0 4
30 4 5 0 0 27 0 7
25 5 4 1 86 26 0 10
28 5 4 0 29 23 0 7
30 4 6 0 110 16 0 6
29 5 4 2 146 0 0 4
28 5 4 1 18 26 0 3
28 5 5 0 19 28 0 15
30 4 5 0 163 0 0 6
30 5 5 0 37 22 0 17
29 5 6 0 10 28 0 11
28 4 5 0 46 20 0 3
28 4 4 1 6 31 0 7
28 5 5 0 9 30 0 13
28 5 5 1 2 40 0 141
36 5 6 1 75 0 0 1
36 6 5 1 89 0 0 1
32 6 5 1 135 0 0 3
36 4 6 0 91 0 0 1
28 5 4 1 31 27 0 4
30 6 5 1 68 20 0 3
36 5 6 0 107 0 0 1
28 5 4 0 144 0 0 2
30 6 6 0 67 20 0 3
30 5 5 0 5 39 0 3
28 5 5 0 164 0 0 4
28 5 4 0 153 0 0 6
36 7 6 1 100 0 0 3
30 6 5 0 162 0 0 7
26 4 4 1 63 28 0 24
28 4 7 0 0 29 0 85
32 6 5 1 120 0 0 2
30 6 4 0 129 0 0 2
36 5 6 0 75 0 0 1
30 5 5 0 61 20 0 6
28 6 4 0 0 40 0 43
28 5 5 1 159 0 0 5
24 4 4 1 5 32 0 187
28 5 4 0 1 30 0 18
29 5 5 1 40 23 0 5
28 4 4 0 0 29 0 9
28 5 4 0 19 23 0 7
30 6 5 0 41 24 0 13
30 6 4 0 152 0 0 5
30 4 4 0 0 39 0 17
36 6 5 0 91 0 0 1
32 5 5 0 27 20 0 6
31 6 5 0 141 0 0 4
27 5 4 0 0 30 0 19
26 5 4 1 9 32 0 52
36 5 6 0 93 0 0 1
36 7 6 1 94 0 0 3
28 4 6 1 24 29 0 15
28 5 5 0 167 0 0 5
31 6 5 0 31 28 0 19
28 4 5 1 25 22 0 6
28 6 5 0 160 0 0 4
29 5 5 0 15 23 0 4
28 4 4 0 0 29 0 11
28 6 4 1 0 30 0 68
30 6 5 2 146 0 0 3
30 6 6 2 61 20 0 9
30 6 5 1 136 0 0 2
27 5 4 0 175 0 0 6
28 5 5 0 0 31 0 12
28 5 5 0 159 0 0 4
28 5 4 1 153 0 0 3
28 4 4 0 161 0 0 4
36 6 5 0 81 0 0 2
30 6 5 1 155 0 0 4
28 5 5 1 95 21 0 2
29 5 6 0 150 0 0 6
28 5 5 1 182 0 0 7
30 6 5 2 67 23 0 5
31 5 7 1 23 26 0 9
29 5 4 0 134 0 0 4
28 6 6 2 0 39 0 27
36 5 6 1 73 0 0 1
29 4 5 1 3 29 0 8
28 5 5 0 0 41 0 14
26 4 4 0 0 32 0 15
28 6 6 0 13 29 0 13
28 5 6 0 0 30 0 14
28 4 4 0 0 31 0 22
28 6 5 1 162 0 0 4
30 6 6 0 28 27 0 4
30 5 6 0 63 25 0 4
36 5 6 0 80 0 0 1
28 5 4 1 167 0 0 3
26 5 4 0 57 30 0 15
28 5 4 2 33 21 0 32
29 5 5 1 44 22 0 4
37 5 6 1 86 0 0 1
28 4 5 0 0 29 0 9
30 6 4 0 10 30 0 20
32 5 5 0 109 0 0 1
28 5 5 0 102 18 0 4
30 6 6 0 151 0 0 3
28 5 4 0 29 26 0 4
28 5 4 0 3 29 0 14
28 5 4 0 28 33 0 28
31 6 4 1 140 0 0 2
28 6 4 0 3 39 0 20
28 4 4 0 73 18 0 7
36 5 5 0 107 0 0 2
37 5 6 0 95 0 0 2
32 6 5 1 34 29 0 8
26 4 5 0 22 30 0 13
36 6 6 0 94 0 0 2
29 5 4 0 145 0 0 2
28 4 5 0 23 27 0 7
28 6 4 2 0 30 0 65
28 4 4 0 5 27 0 8
36 6 5 1 91 0 0 1
30 5 4 0 139 0 0 3
28 5 5 0 159 0 0 4
36 6 6 1 89 0 0 1
32 7 6 1 19 26 0 16
28 4 5 0 169 0 0 3
36 7 7 1 114 0 0 2
30 6 5 1 44 22 0 10
32 6 5 2 120 0 0 1
28 5 6 0 0 33 0 70
28 5 6 0 36 29 0 11
26 5 4 0 45 27 0 8
28 6 4 0 166 0 0 2
36 5 8 1 97 0 0 2
28 6 4 1 159 0 0 2
28 6 4 2 6 26 0 15
30 5 6 0 41 25 0 23
28 4 4 0 12 20 0 15
28 5 5 0 4 28 0 41
36 6 6 0 7 25 0 7
28 6 5 1 96 17 0 6
28 4 4 0 155 0 0 3
28 5 4 1 156 0 0 4
28 5 4 1 44 27 0 3
28 4 4 0 26 26 0 7
36 6 6 1 82 0 0 1
30 6 4 1 143 0 0 2
29 5 5 0 27 23 0 6
29 5 4 0 115 0 0 8
28 5 4 0 38 26 0 10
28 4 6 0 10 29 0 7
36 5 6 1 99 0 0 2
36 6 6 0 69 0 0 1
36 5 5 0 84 0 0 1
29 5 4 0 0 26 0 22
28 6 5 1 23 31 0 7
28 5 5 0 0 32 0 103
30 6 4 0 26 19 0 5
30 6 4 0 151 0 0 3
30 4 4 0 43 21 0 2
30 5 4 0 140 0 0 3
36 4 5 0 80 0 0 1
28 4 4 0 0 37 0 14
30 6 5 0 155 0 0 5
36 6 5 0 103 0 0 2
30 6 4 0 135 0 0 1
29 4 5 1 77 22 0 4
36 7 5 1 87 0 0 1
29 4 5 0 136 0 0 2
28 5 5 1 5 29 0 6
30 6 5 2 35 26 0 25
30 5 6 0 93 15 0 7
28 5 4 1 5 30 0 60
30 6 6 1 18 30 0 20
29 5 4 0 11 25 0 4
28 4 4 0 2 21 0 13
36 6 6 0 122 0 0 4
29 4 5 0 6 22 0 4
28 6 5 1 9 32 0 54
29 5 4 0 41 24 0 7
28 6 5 1 43 24 0 7
28 4 5 0 3 39 0 22
28 4 4 0 50 23 0 3
28 6 4 1 104 13 0 3
30 6 5 0 46 28 0 8
30 5 5 0 2 30 0 15
28 5 4 0 168 0 0 2
28 6 4 2 0 27 0 38
28 6 5 1 159 0 0 4
28 4 5 1 155 0 0 4
30 6 5 2 25 23 0 13
37 5 6 0 95 0 0 2
30 6 5 1 141 0 0 3
30 6 5 2 37 23 0 6
28 6 5 0 64 27 0 13
28 5 5 0 156 0 0 2
28 5 5 1 0 42 0 9
28 4 5 0 33 20 0 13
29 5 4 0 0 40 0 11
36 6 6 1 91 0 0 1
32 6 5 1 117 0 0 2
36 6 6 0 83 0 0 1
32 6 5 0 150 0 0 4
28 5 5 0 54 23 0 14
31 7 5 3 51 17 0 5
28 6 4 1 0 42 0 14
37 5 5 1 91 0 0 2
30 5 5 0 54 23 0 3
28 6 4 2 6 32 0 4
28 6 6 1 63 21 0 7
36 6 6 0 104 0 0 1
28 4 4 1 146 0 0 4
28 5 5 1 150 0 0 2
31 5 5 1 67 24 0 5
30 5 4 0 23 22 0 4
29 4 4 0 6 20 0 5
28 5 5 1 28 40 0 16
28 5 5 1 160 0 0 4
32 7 4 1 124 0 0 2
28 4 4 0 28 30 0 7
28 5 5 1 6 28 0 29
31 6 5 0 138 0 0 3
36 6 5 0 106 0 0 3
29 5 6 0 15 30 0 25
30 5 4 0 16 27 0 7
29 4 5 0 145 0 0 4
29 5 4 0 153 0 0 3
29 5 4 0 0 30 0 12
30 4 5 0 141 0 0 4
28 5 4 0 115 19 0 4
28 6 4 1 2 31 0 29
28 5 5 0 0 29 0 258
25 4 3 0 2 29 0 10
36 7 5 1 105 0 0 3
29 5 5 2 76 23 0 3
27 5 4 0 103 23 0 9
32 5 6 0 127 0 0 2
30 6 5 1 140 0 0 2
28 5 4 0 149 0 0 2
28 4 4 0 0 30 0 9
31 7 5 3 95 12 0 7
28 4 5 0 0 29 0 25
27 5 4 0 7 42 0 53
36 6 6 0 87 0 0 1
29 5 5 0 0 30 0 38
30 6 5 2 76 20 0 5
28 5 5 0 0 29 0 24
29 4 5 1 140 0 0 3
36 5 7 0 107 0 0 2
30 6 4 1 23 27 0 10
30 6 4 0 150 0 0 3
28 4 5 0 57 23 0 23
26 5 4 0 51 22 0 4
28 4 5 0 30 32 0 3
28 6 4 1 17 29 0 17
37 5 6 0 97 0 0 2
25 4 4 0 36 32 0 10
36 6 5 1 99 0 0 1
28 4 5 0 164 0 0 3
28 4 4 0 18 29 0 4
30 6 5 2 144 0 0 4
27 5 4 0 158 0 0 2
28 5 5 0 11 32 0 11
28 6 4 1 41 24 0 4
25 4 4 1 20 30 0 9
28 5 5 0 32 27 0 13
30 6 4 1 132 0 0 6
32 7 5 1 20 19 0 6
28 5 6 1 176 0 0 4
36 4 7 0 103 0 0 1
36 6 5 0 68 0 0 1
29 5 5 0 10 29 0 4
28 5 4 0 152 0 0 4
27 5 4 0 1 30 0 30
36 5 6 0 90 0 0 2
32 6 6 0 127 0 0 2
30 6 4 2 146 0 0 2
29 5 4 1 163 0 0 2
28 5 4 2 165 0 0 3
28 6 5 0 33 29 0 13
30 5 4 0 68 17 0 3
28 5 5 0 143 0 0 2
30 5 4 0 23 23 0 7
29 5 4 0 144 0 0 3
28 6 4 0 75 24 0 5
27 5 5 0 10 42 0 14
28 6 4 0 39 31 0 3
24 5 3 0 0 32 0 77
26 6 4 0 5 42 0 45
35 5 6 1 46 13 0 3
26 4 4 0 181 0 0 3
28 4 4 1 6 27 0 25
36 6 5 0 68 0 0 0
27 5 4 0 0 29 0 18
29 5 5 0 0 30 0 4
36 6 6 1 92 0 0 2
36 5 6 1 94 0 0 1
36 5 6 0 81 0 0 1
26 4 4 0 0 32 0 6
28 6 5 1 52 30 0 5
29 5 4 0 0 29 0 52
26 5 4 1 0 32 0 122
37 5 5 0 54 0 0 0
28 6 4 2 20 30 0 35
30 4 6 0 0 38 0 34
27 5 4 1 16 32 0 9
28 4 5 0 0 41 0 15
28 5 4 1 15 30 0 4
31 6 4 0 137 0 0 3
30 4 5 0 136 0 0 4
28 5 4 1 20 22 0 18
30 6 4 0 20 33 0 23
31 6 4 0 11 28 0 7
28 4 5 0 82 22 0 3
29 4 4 1 0 28 0 9
36 6 5 0 100 0 0 1
28 5 4 0 46 20 0 11
30 6 5 1 150 0 0 4
28 6 5 0 10 28 0 13
28 5 5 1 3 29 0 26
28 5 5 0 44 21 0 12
28 6 4 0 9 31 0 8
37 5 6 0 86 0 0 1
29 5 5 0 103 14 0 2
28 4 4 0 0 29 0 8
28 5 5 0 40 29 0 2
28 4 5 0 0 39 0 67
36 6 6 0 101 0 0 1
36 4 6 0 108 0 0 1
28 5 4 0 15 28 0 4
28 6 5 1 55 21 0 2
36 4 6 0 65 0 0 0
29 5 4 0 2 41 0 6
35 5 6 1 26 19 0 4
30 6 4 0 152 0 0 4
29 6 5 1 61 20 0 3
30 6 5 0 133 0 0 2
28 4 5 0 2 32 0 21
28 6 4 0 2 29 0 6
37 5 5 0 80 0 0 2
37 5 7 1 81 0 0 1
29 5 4 0 154 0 0 6
29 5 4 1 152 0 0 3
35 5 5 1 90 0 0 1
26 4 4 1 59 24 0 7
28 4 5 0 169 0 0 6
31 6 4 1 153 0 0 2
30 6 5 0 19 29 0 7
30 6 6 0 89 12 0 5
36 6 6 1 90 0 0 1
31 5 6 1 148 0 0 3
28 6 4 1 61 20 0 3
30 6 5 0 57 15 0 13
30 6 5 1 158 0 0 3
27 5 5 0 9 30 0 10
28 6 4 2 19 21 0 11
28 6 4 0 52 19 0 10
30 5 4 0 155 0 0 6
29 5 5 0 21 31 0 7
30 5 6 0 29 39 0 3
37 5 7 1 93 0 0 1
29 7 4 1 14 32 0 10
28 4 4 0 154 0 0 2
28 6 6 2 4 40 0 282
37 5 6 0 94 0 0 1
28 5 4 0 154 0 0 2
28 5 4 0 0 28 0 4
28 6 4 0 7 23 0 15
28 4 5 1 129 0 0 5
28 5 5 1 50 33 0 14
28 5 4 1 12 28 0 12
28 5 6 0 0 40 0 23
28 5 4 0 4 28 0 7
36 5 7 1 102 0 0 2
30 6 5 1 29 28 0 12
28 4 5 0 1 27 0 3
26 4 4 0 0 28 0 19
28 5 5 0 0 32 0 69
36 6 6 0 100 0 0 1
36 5 6 0 93 0 0 1
28 5 4 0 12 32 0 11
28 6 4 1 51 19 0 7
28 6 4 1 133 0 0 2
28 5 5 1 58 21 0 5
36 4 5 0 82 0 0 2
36 6 5 1 82 0 0 1
28 6 5 1 19 30 0 4
26 5 5 1 39 27 0 6
26 5 4 0 18 24 0 6
29 7 4 1 138 0 0 4
28 5 5 1 159 0 0 4
28 5 5 2 4 33 0 12
30 4 4 0 6 26 0 9
28 6 4 1 36 20 0 5
28 5 5 0 26 28 0 11
28 5 4 0 87 16 0 4
29 5 5 0 15 25 0 8
36 5 6 1 95 0 0 1
29 5 4 0 36 25 0 5
36 4 6 0 85 0 0 1
28 6 5 2 12 28 0 24
28 5 5 1 161 0 0 3
36 5 6 0 112 0 0 5
30 5 4 0 148 0 0 4
30 6 5 1 110 0 0 4
28 5 4 0 161 0 0 3
28 6 4 2 50 20 0 8
36 4 7 0 112 0 0 2
28 6 6 0 7 29 0 125
28 5 4 1 33 31 0 8
28 5 4 0 154 0 0 9
28 4 5 0 0 28 0 10
30 6 6 0 142 0 0 3
30 6 5 1 29 21 0 8
28 5 5 1 25 41 0 8
25 4 4 0 5 31 0 21
37 5 7 0 100 0 0 2
28 4 5 0 0 29 0 7
25 4 4 0 2 33 0 9
30 5 5 0 0 37 0 6
30 4 4 0 147 0 0 3
31 6 5 0 136 0 0 2
31 6 5 1 115 0 0 1
29 5 6 0 129 0 0 3
28 5 5 0 0 31 0 19
30 5 5 0 80 14 0 5
36 7 7 1 88 0 0 2
28 5 4 0 139 0 0 2
28 6 4 1 11 22 0 11
36 5 6 1 93 0 0 2
28 4 5 0 147 0 0 2
28 5 4 0 6 29 0 27
28 6 4 1 42 20 0 6
28 4 5 0 109 12 0 4
28 6 4 1 38 22 0 7
30 6 5 2 144 0 0 2
37 5 6 0 91 0 0 1
30 6 4 2 132 0 0 2
32 6 5 2 0 35 0 6
32 6 5 0 127 0 0 2
32 6 5 1 131 0 0 3
28 5 4 0 138 0 0 1
28 5 4 1 163 0 0 7
30 6 4 1 143 0 0 3
28 4 5 0 152 0 0 2
30 6 5 1 61 18 0 6
27 5 6 0 10 28 0 34
28 4 4 0 3 28 0 27
30 5 5 0 54 20 0 6
28 6 4 2 48 20 0 6
28 4 5 0 14 24 0 8
28 5 5 2 33 31 0 2
28 4 4 0 150 0 0 3
28 6 4 1 47 26 0 13
36 5 6 1 40 17 0 3
28 5 4 0 148 0 0 3
28 5 5 0 159 0 0 8
30 4 4 0 131 0 0 4
28 4 4 0 11 30 0 19
36 5 5 0 83 0 0 1
30 6 5 0 147 0 0 2
28 5 5 1 174 0 0 6
32 6 5 0 109 0 0 1
28 5 5 0 6 28 0 17
28 5 4 0 7 29 0 9
28 4 5 1 159 0 0 2
37 5 6 0 5 24 0 3
28 6 5 0 18 26 0 14
30 6 6 0 27 23 0 6
28 4 5 0 152 0 0 4
29 7 5 1 149 0 0 4
31 7 5 3 132 0 0 2
32 7 5 2 44 21 0 6
31 6 5 0 0 29 0 4
26 4 5 0 71 22 0 16
37 5 6 0 83 0 0 1
32 6 6 1 141 0 0 2
28 5 4 0 25 20 0 5
28 5 4 1 46 19 0 3
28 5 4 0 0 30 0 59
28 5 4 1 3 27 0 11
28 6 5 1 31 28 0 8
28 5 4 0 14 31 0 8
28 4 5 0 44 24 0 19
28 6 4 1 39 28 0 8
28 6 4 1 65 22 0 6
28 6 5 2 85 23 0 7
28 5 4 0 47 30 0 6
36 6 6 1 105 0 0 3
30 6 4 0 56 24 0 14
28 5 4 1 0 33 0 12
28 5 5 1 62 19 0 6
32 6 5 2 34 31 0 10
26 4 5 0 0 40 0 21
36 6 6 1 79 0 0 1
36 6 6 1 80 0 0 1
36 6 6 1 111 0 0 2
28 5 5 1 29 25 0 7
28 4 5 0 4 29 0 6
28 4 5 0 15 25 0 6
30 6 4 0 145 0 0 3
28 6 4 0 49 29 0 8
30 5 5 0 13 23 0 6
28 5 4 1 166 0 0 3
30 6 5 1 145 0 0 2
36 6 5 1 92 0 0 1
30 4 4 0 150 0 0 6
28 5 5 1 152 0 0 3
28 5 6 0 60 26 0 7
28 5 5 1 34 27 0 16
36 5 6 0 81 0 0 1
28 4 4 0 26 23 0 5
30 6 4 0 146 0 0 2
31 7 5 3 29 22 0 6
29 4 6 1 0 39 0 51
28 6 4 0 143 0 0 1
32 7 5 2 47 23 0 4
36 4 7 0 109 0 0 3
28 4 5 0 0 28 0 7
30 6 6 0 129 0 0 2
28 4 4 0 0 40 0 17
32 6 5 1 108 0 0 1
31 6 5 0 37 28 0 10
25 4 4 0 8 31 0 23
28 6 4 1 3 26 0 34
31 6 5 0 115 0 0 1
36 6 6 0 94 0 0 1
28 4 4 0 15 28 0 15
35 5 7 1 102 0 0 1
28 5 4 1 153 0 0 5
32 6 5 2 69 15 0 3
30 4 4 0 0 20 0 5
28 6 5 2 0 32 0 4
28 6 4 1 145 0 0 5
36 5 6 0 92 0 0 1
31 6 4 1 129 0 0 2
32 6 5 1 130 0 0 2
30 6 6 1 135 0 0 2
36 4 6 0 89 0 0 1
36 6 5 0 82 0 0 1
30 5 5 0 58 17 0 9
37 5 5 0 84 0 0 1
36 6 6 1 80 0 0 2
26 4 5 0 55 25 0 11
28 5 4 0 39 29 0 21
28 4 5 0 0 31 0 7
30 5 5 0 0 26 0 8
29 5 4 0 11 27 0 5
30 6 5 0 142 0 0 2
26 5 4 0 169 0 0 5
30 4 6 0 11 29 0 7
30 5 5 0 51 21 0 4
30 5 6 0 159 0 0 2
28 4 5 0 36 23 0 10
30 4 5 0 137 0 0 2
28 5 5 1 172 0 0 4
30 6 5 1 140 0 0 3
30 6 5 1 134 0 0 3
26 5 5 1 8 32 0 15
30 6 4 1 64 19 0 5
30 6 7 1 35 28 0 5
36 6 5 0 96 0 0 1
30 6 6 1 14 27 0 11
28 6 4 0 51 32 0 14
29 4 4 0 133 0 0 3
28 5 5 0 19 29 0 6
32 6 6 0 140 0 0 4
36 5 6 1 89 0 0 1
28 4 5 1 12 27 0 32
28 5 4 0 150 0 0 3
26 4 4 0 0 32 0 50
28 4 4 0 37 22 0 5
28 5 4 1 127 12 0 3
28 5 4 1 19 25 0 6
36 5 8 0 96 0 0 1
30 5 5 0 20 23 0 9
29 5 5 0 48 17 0 12
36 5 5 0 94 0 0 2
36 6 5 0 104 0 0 1
29 5 4 0 24 20 0 10
29 5 5 0 0 30 0 26
28 6 5 0 9 31 0 10
30 6 5 1 146 0 0 4
27 5 4 0 14 26 0 11
28 4 5 1 143 0 0 6
29 5 5 0 163 0 0 7
28 5 5 1 163 0 0 3
35 5 7 1 102 0 0 3
29 4 4 0 26 19 0 4
25 4 4 0 28 30 0 9
30 6 5 0 160 0 0 4
36 6 5 1 89 0 0 1
28 5 4 0 48 19 0 4
30 5 5 0 136 0 0 2
29 5 4 0 13 20 0 6
28 4 5 0 10 32 0 13
28 6 4 1 33 24 0 5
30 6 5 2 133 0 0 3
30 6 4 0 60 22 0 6
30 5 5 0 144 0 0 3
36 6 7 0 104 0 0 3
30 5 4 0 141 0 0 3
28 5 4 0 10 29 0 42
30 6 4 2 0 31 0 20
27 5 4 1 37 31 0 4
30 5 4 0 147 0 0 2
32 6 5 1 126 0 0 2
28 5 5 0 171 0 0 3
26 5 5 1 0 31 0 165
36 6 6 0 82 0 0 1
29 4 7 1 0 29 0 3
26 4 4 0 6 30 0 46
30 6 6 1 23 28 0 10
28 5 5 1 91 14 0 5
30 5 4 0 142 0 0 5
28 5 5 0 20 29 0 14
30 6 5 2 5 27 0 12
28 5 4 0 166 0 0 3
28 5 5 1 0 30 0 29
36 7 6 1 108 0 0 3
31 6 5 1 70 17 0 3
30 6 5 2 77 16 0 3
36 5 5 1 97 0 0 2
36 4 5 0 64 0 0 1
28 5 4 0 31 27 0 29
28 4 4 0 158 0 0 6
28 5 4 1 165 0 0 3
30 6 5 0 59 23 0 5
29 5 6 0 158 0 0 3
36 5 7 1 111 0 0 2
32 6 5 2 117 0 0 2
28 4 4 0 5 28 0 4
28 5 5 0 71 25 0 9
29 5 5 0 136 0 0 2
31 5 6 1 29 20 0 4
27 7 4 1 174 0 0 7
28 5 5 0 7 26 0 23
32 5 5 0 72 11 0 3
28 5 5 0 29 21 0 3
28 4 6 0 166 0 0 6
30 6 5 0 154 0 0 2
30 6 5 0 150 0 0 2
31 7 5 3 133 0 0 2
30 5 5 0 48 20 0 2
28 5 4 1 11 28 0 17
28 5 5 1 147 0 0 2
36 6 5 1 102 0 0 1
28 4 4 1 140 0 0 3
36 6 7 1 84 0 0 1
28 6 5 1 5 29 0 6
28 4 4 1 0 27 0 79
30 6 4 2 140 0 0 2
28 5 5 1 0 30 0 13
28 5 5 1 168 0 0 3
36 4 6 0 85 0 0 1
28 5 5 0 0 28 0 4
29 5 4 0 83 15 0 6
31 6 4 1 120 0 0 1
30 4 5 0 131 0 0 2
36 6 6 0 101 0 0 1
32 7 5 1 34 20 0 4
26 4 5 0 8 31 0 11
28 5 5 1 31 28 0 7
36 6 5 1 88 0 0 1
30 6 5 0 23 25 0 6
28 5 5 0 10 30 0 13
28 6 5 0 165 0 0 7
28 6 5 2 0 38 0 23
28 4 4 0 25 33 0 30
31 6 5 0 143 0 0 2
36 6 6 1 75 0 0 1
28 5 4 0 143 0 0 1
36 7 6 1 82 0 0 1
29 6 5 1 29 30 0 5
28 4 4 0 111 19 0 3
30 6 4 0 165 0 0 5
36 6 6 1 108 0 0 2
36 5 5 1 89 0 0 1
28 6 4 1 32 18 0 14
36 4 6 0 67 0 0 1
28 5 4 0 62 23 0 8
28 4 5 0 15 31 0 8
28 5 4 0 152 0 0 8
30 6 5 2 148 0 0 2
28 6 4 1 20 23 0 8
28 4 4 0 0 27 0 14
28 6 4 1 167 0 0 5
30 4 4 0 146 0 0 4
32 6 6 0 122 0 0 2
30 6 6 0 22 31 0 3
30 6 5 1 167 0 0 2
27 5 4 0 4 29 0 5
37 5 5 1 87 0 0 1
29 5 5 0 154 0 0 2
28 5 5 1 44 22 0 14
28 4 5 0 30 28 0 2
36 6 5 1 92 0 0 2
29 5 5 2 38 30 0 7
30 5 4 0 53 18 0 2
29 5 4 0 144 0 0 3
28 4 4 0 130 0 0 5
28 5 5 1 161 0 0 4
28 4 5 0 0 39 0 8
29 5 6 0 2 27 0 8
28 5 5 1 17 27 0 9
31 7 5 3 132 0 0 2
29 6 5 1 175 0 0 3
36 5 5 0 88 0 0 1
25 4 5 0 5 30 0 55
29 4 4 1 144 0 0 7
36 5 6 1 96 0 0 1
30 6 5 2 9 27 0 13
36 6 5 0 123 0 0 3
36 6 5 1 70 0 0 1
36 6 7 1 88 0 0 2
28 4 5 0 0 41 0 5
26 4 4 0 136 0 0 11
30 5 4 0 150 0 0 4
30 6 5 0 19 21 0 8
30 6 4 2 153 0 0 6
28 5 5 0 0 29 0 41
28 5 5 0 0 32 0 28
28 6 4 0 29 23 0 5
28 5 5 1 0 32 0 28
35 5 8 1 115 0 0 3
28 5 5 0 165 0 0 3
28 4 5 0 0 39 0 90
31 7 5 3 133 0 0 3
36 6 5 1 89 0 0 1
37 5 6 1 58 0 0 0
28 5 5 1 166 0 0 2
28 5 4 0 76 17 0 5
36 5 6 0 114 0 0 7
29 5 4 1 157 0 0 2
30 4 6 0 148 0 0 3
28 6 4 1 28 22 0 4
26 4 4 0 34 31 0 7
30 6 4 0 153 0 0 4
31 7 4 3 123 0 0 2
30 6 6 1 159 0 0 3
28 5 5 0 8 32 0 17
28 5 5 0 154 0 0 1
28 5 4 0 155 0 0 5
32 6 5 1 8 28 0 6
31 6 6 0 144 0 0 2
36 6 6 1 89 0 0 1
29 5 5 0 0 29 0 22
32 6 5 1 130 0 0 3
28 5 5 1 57 25 0 19
30 6 5 1 142 0 0 3
28 4 5 0 0 29 0 42
32 7 5 1 134 0 0 4
30 5 5 0 7 29 0 16
30 6 6 1 159 0 0 3
36 6 5 1 97 0 0 2
30 4 5 0 38 27 0 7
30 5 5 0 145 0 0 3
29 5 4 0 34 24 0 6
28 5 5 0 26 30 0 4
28 6 4 0 109 11 0 2
30 5 5 0 135 0 0 2
30 6 4 2 22 33 0 18
36 6 7 0 117 0 0 5
28 5 5 1 0 29 0 9
26 4 4 0 0 31 0 177
29 5 4 0 151 0 0 7
26 5 4 0 86 14 0 6
31 6 4 0 145 0 0 2
30 6 4 2 61 29 0 2
28 5 4 1 5 29 0 2
37 5 5 0 93 0 0 1
36 6 5 1 94 0 0 1
28 5 4 1 37 29 0 12
36 6 6 0 110 0 0 5
27 4 5 0 95 23 0 6
26 5 5 0 0 40 0 75
26 5 4 0 0 33 0 14
32 6 5 2 30 30 0 10
29 5 4 0 17 30 0 7
32 7 5 1 33 22 0 2
32 6 5 0 131 0 0 3
30 6 5 0 42 21 0 7
28 5 5 0 11 26 0 17
28 5 4 0 46 21 0 3
27 5 4 1 13 28 0 21
26 4 5 0 13 29 0 7
30 6 5 0 77 14 0 5
26 4 4 0 0 31 0 24
30 4 5 0 150 0 0 2
36 5 6 1 88 0 0 1
30 4 5 0 135 0 0 2
37 5 6 0 85 0 0 1
29 5 5 0 53 22 0 4
27 5 5 0 0 39 0 23
29 5 4 0 25 19 0 3
28 5 5 1 43 25 0 23
28 5 4 0 163 0 0 11
28 5 5 0 46 29 0 12
36 5 5 0 97 0 0 4
28 4 4 0 140 0 0 3
28 6 4 0 83 14 0 6
28 4 5 0 0 31 0 16
26 4 4 0 7 30 0 22
29 5 4 0 146 0 0 2
30 6 4 0 146 0 0 4
29 5 5 0 71 17 0 6
36 6 5 0 101 0 0 1
32 7 5 1 22 26 0 14
36 4 5 0 97 0 0 1
28 4 4 0 25 26 0 20
28 5 4 1 154 0 0 2
25 4 3 0 0 30 0 7
28 5 4 0 12 25 0 3
30 4 4 0 3 29 0 4
28 6 5 2 163 0 0 9
30 6 5 1 145 0 0 2
36 6 6 0 94 0 0 1
28 5 5 0 5 32 0 30
30 6 4 1 135 0 0 2
30 4 5 0 49 21 0 7
28 4 4 0 29 27 0 22
28 6 4 1 0 29 0 22
28 5 4 0 90 15 0 3
30 6 6 1 157 0 0 3
30 6 5 0 64 23 0 5
36 5 6 0 96 0 0 3
31 7 5 3 72 14 0 4
29 5 5 0 6 27 0 7
28 4 4 0 0 29 0 5
31 6 5 0 5 33 0 6
28 6 4 1 161 0 0 3
36 6 5 1 86 0 0 1
32 6 5 2 135 0 0 5
28 5 5 0 0 31 0 13
28 5 4 1 18 27 0 4
30 6 5 2 131 0 0 2
29 5 4 0 14 27 0 6
36 6 5 1 77 0 0 1
29 5 6 0 0 40 0 406
28 5 5 0 29 21 0 3
32 5 5 0 129 0 0 3
28 4 4 0 41 22 0 7
28 5 5 1 1 29 0 16
30 6 5 1 2 27 0 25
30 6 4 0 146 0 0 2
25 4 3 0 0 31 0 150
28 5 6 1 9 26 0 5
29 5 4 0 2 26 0 5
28 4 4 0 57 18 0 5
30 5 5 0 160 0 0 4
32 6 6 1 15 28 0 23
28 4 5 0 0 29 0 16
28 4 4 0 155 0 0 3
28 5 4 1 140 0 0 4
36 5 6 1 82 0 0 1
28 5 5 1 168 0 0 3
30 5 5 0 39 26 0 2
30 6 4 0 14 31 0 6
30 4 4 0 2 30 0 14
36 6 5 0 114 0 0 1
36 5 6 0 90 0 0 1
28 5 6 0 0 28 0 8
28 4 4 0 158 0 0 3
36 5 7 1 106 0 0 1
30 5 5 0 88 14 0 6
28 5 4 0 46 16 0 4
28 4 5 0 4 30 0 61
30 6 5 2 0 28 0 7
28 5 5 1 168 0 0 2
28 4 5 0 13 26 0 14
30 6 4 2 119 0 0 2
36 5 6 1 99 0 0 2
30 4 6 0 0 28 0 4
26 4 5 0 13 28 0 25
28 5 4 1 100 17 0 4
30 6 6 0 156 0 0 4
26 4 4 0 0 28 0 37
28 4 5 1 62 19 0 2
36 6 8 1 51 15 0 5
26 5 4 0 0 28 0 20
28 4 5 0 37 27 0 3
30 6 4 0 147 0 0 2
30 6 5 0 155 0 0 6
36 6 5 0 88 0 0 1
28 6 4 0 3 31 0 7
29 5 4 0 141 0 0 1
28 4 4 0 23 29 0 6
37 5 6 1 97 0 0 3
36 4 7 0 94 0 0 2
28 6 4 0 14 23 0 7
29 5 5 0 2 26 0 6
28 5 4 0 52 21 0 4
29 5 5 0 165 0 0 4
28 6 4 0 30 23 0 10
30 6 5 1 133 0 0 3
28 4 4 1 21 25 0 9
28 5 4 0 0 27 0 13
32 6 6 0 136 0 0 2
28 4 4 0 132 0 0 4
28 4 4 0 83 18 0 2
28 4 4 0 157 0 0 4
36 5 6 0 83 0 0 1
36 6 5 1 80 0 0 1
26 4 4 1 56 22 0 7
32 5 4 0 120 0 0 3
36 5 5 1 98 0 0 2
29 5 6 0 158 0 0 3
32 7 5 1 132 0 0 5
28 5 4 0 118 13 0 7
29 5 5 0 0 28 0 5
30 4 5 0 52 18 0 7
36 5 5 1 96 0 0 1
26 5 4 1 54 33 0 14
28 5 4 0 15 30 0 8
29 5 4 0 16 22 0 3
28 4 4 0 51 23 0 3
28 4 5 0 44 24 0 24
28 4 5 0 0 31 0 5
28 6 5 1 43 23 0 5
28 4 4 0 7 23 0 10
32 6 6 1 51 24 0 2
29 5 4 2 28 30 0 4
30 5 4 0 28 21 0 4
30 6 5 0 18 29 0 5
30 4 6 0 143 0 0 4
28 4 5 0 10 29 0 7
28 4 5 0 138 0 0 8
28 6 4 1 147 0 0 5
26 5 4 1 17 29 0 19
36 6 5 1 89 0 0 2
28 5 4 0 0 32 0 24
30 6 5 0 14 40 0 4
30 6 5 1 129 0 0 1
26 4 4 0 8 27 0 3
28 5 5 0 84 17 0 6
28 5 5 2 52 23 0 12
36 5 5 1 98 0 0 1
29 5 5 0 20 20 0 8
28 5 5 0 30 31 0 6
36 6 5 1 87 0 0 2
30 6 4 0 134 0 0 1
28 5 4 0 13 27 0 7
36 6 5 0 86 0 0 1
36 7 7 1 101 0 0 2
26 4 4 1 39 29 0 6
31 6 5 0 147 0 0 5
28 5 4 0 32 22 0 6
32 6 5 1 11 28 0 8
29 4 5 0 149 0 0 2
30 6 4 1 142 0 0 2
36 6 5 1 112 0 0 2
28 4 4 0 12 29 0 20
28 4 4 0 40 23 0 5
32 6 5 1 23 27 0 3
32 7 5 2 139 0 0 2
36 4 6 0 86 0 0 1
28 4 5 1 16 25 0 43
29 5 5 0 0 33 0 36
30 4 6 0 138 0 0 2
30 5 4 0 136 0 0 3
36 6 6 1 106 0 0 2
32 6 4 2 104 0 0 2
30 4 6 0 0 29 0 5
28 6 5 2 5 29 0 24
29 4 4 1 5 26 0 4
30 5 5 0 0 30 0 11
29 5 4 0 153 0 0 2
36 4 6 0 80 0 0 1
28 4 4 0 5 30 0 13
26 5 4 0 171 0 0 7
30 6 4 1 33 23 0 10
28 5 5 0 10 27 0 7
30 6 6 2 10 31 0 4
30 6 4 1 142 0 0 2
36 6 6 1 81 0 0 1
36 5 5 0 96 0 0 1
28 4 4 0 163 0 0 4
28 5 4 0 19 23 0 24
36 5 5 1 71 0 0 1
28 6 5 0 170 0 0 4
30 6 5 0 5 41 0 22
30 6 5 2 140 0 0 4
28 4 5 0 164 0 0 3
28 4 5 1 77 20 0 4
28 4 4 0 11 29 0 11
28 5 4 0 164 0 0 4
28 5 4 1 135 0 0 2
29 4 6 0 0 27 0 10
29 5 4 0 38 31 0 11
28 4 5 0 45 28 0 4
29 5 5 0 155 0 0 2
30 5 4 0 139 0 0 2
30 6 5 0 145 0 0 2
30 6 4 2 144 0 0 4
29 4 4 0 21 24 0 7
28 5 4 0 72 21 0 8
36 5 5 0 85 0 0 2
29 4 5 0 37 20 0 6
36 7 7 1 98 0 0 2
30 5 4 0 142 0 0 4
35 5 5 1 87 0 0 3
28 5 4 0 58 20 0 2
29 5 5 0 29 26 0 10
28 4 4 0 21 21 0 7
30 5 6 0 82 13 0 2
36 4 6 0 92 0 0 2
31 5 5 1 29 28 0 3
28 5 5 0 5 32 0 101
30 4 4 0 143 0 0 3
28 6 4 0 162 0 0 3
30 5 4 0 142 0 0 3
37 5 7 0 76 0 0 1
28 5 4 0 26 31 0 5
37 5 6 0 87 0 0 1
32 6 5 2 135 0 0 6
28 5 6 0 141 0 0 2
28 5 5 0 13 31 0 15
28 4 4 1 32 23 0 7
27 5 4 0 0 28 0 22
28 5 5 0 43 22 0 2
28 5 5 1 21 31 0 17
32 6 5 0 82 16 0 5
28 5 4 0 2 29 0 8
31 6 7 1 28 30 0 23
30 5 5 0 44 22 0 2
30 4 5 0 142 0 0 3
29 5 5 0 3 27 0 3
30 4 4 0 142 0 0 2
28 4 4 1 21 29 0 17
28 4 4 0 70 21 0 4
36 4 6 0 82 0 0 1
36 6 6 0 110 0 0 2
36 6 5 1 83 0 0 1
32 6 5 2 45 15 0 2
30 6 5 0 133 0 0 4
28 4 4 1 154 0 0 4
29 5 5 0 151 0 0 2
36 6 6 0 99 0 0 2
27 7 4 1 6 30 0 7
30 6 5 0 170 0 0 3
30 4 5 0 133 0 0 2
28 5 4 0 12 27 0 12
28 4 4 0 2 27 0 29
36 4 6 0 9 25 0 5
36 5 7 0 92 0 0 2
29 4 5 1 7 27 0 11
30 4 6 0 35 27 0 15
29 5 5 0 139 0 0 2
26 5 6 0 103 17 0 8
26 5 4 0 0 30 0 28
37 5 6 0 53 0 0 0
28 6 4 2 6 27 0 17
36 7 6 1 108 0 0 1
36 5 7 1 87 0 0 1
28 5 5 0 171 0 0 6
28 4 5 0 12 23 0 16
28 5 5 0 13 29 0 17
28 6 6 2 5 41 0 20
30 6 5 2 139 0 0 3
28 5 6 0 30 29 0 16
28 4 4 0 0 31 0 16
32 7 4 2 132 0 0 4
26 4 5 0 0 31 0 9
36 4 6 0 108 0 0 3
28 4 4 0 164 0 0 2
28 4 5 0 4 30 0 40
30 6 5 2 139 0 0 2
28 4 4 0 10 30 0 7
28 4 6 0 165 0 0 5
26 5 4 0 28 34 0 23
28 4 4 0 9 30 0 23
28 4 5 1 0 41 0 19
28 5 5 1 23 28 0 6
29 4 5 0 73 24 0 11
30 6 6 1 166 0 0 5
30 4 6 0 141 0 0 1
30 5 5 0 127 0 0 2
30 6 5 0 37 23 0 5
37 5 7 0 91 0 0 1
28 4 4 0 3 27 0 18
36 4 5 0 89 0 0 1
36 6 6 1 96 0 0 1
26 5 4 0 2 30 0 90
28 5 4 0 156 0 0 4
28 4 4 0 39 30 0 7
28 6 5 2 0 31 0 10
29 5 5 0 5 29 0 8
28 5 4 1 90 15 0 9
30 6 4 0 162 0 0 3
28 4 4 0 13 27 0 3
36 5 6 0 90 0 0 2
29 6 5 1 160 0 0 2
28 5 4 1 137 0 0 3
28 5 5 0 10 23 0 10
36 6 6 0 113 0 0 1
28 6 4 0 0 31 0 28
28 4 5 0 0 39 0 47
29 5 6 0 26 27 0 5
28 5 4 0 11 29 0 28
28 4 5 0 3 40 0 12
36 6 7 1 95 0 0 2
36 6 6 0 29 22 0 6
28 5 5 2 32 29 0 4
36 6 6 0 97 0 0 1
27 5 5 0 0 43 0 37
29 5 5 0 21 31 0 2
36 6 7 1 101 0 0 2
36 5 6 0 94 0 0 1
28 5 4 0 0 28 0 11
30 4 5 0 2 30 0 9
24 4 4 0 0 43 0 18
30 6 5 0 13 31 0 13
30 6 4 1 154 0 0 2
28 5 4 0 32 23 0 10
36 6 6 0 95 0 0 1
28 4 4 1 20 20 0 15
30 6 6 1 31 23 0 12
29 5 5 0 3 30 0 10
28 4 4 0 3 30 0 9
26 5 5 1 0 41 0 18
32 6 6 1 118 0 0 4
29 5 5 0 0 29 0 6
26 4 5 0 21 33 0 21
28 5 5 1 19 33 0 17
28 4 4 0 156 0 0 4
26 5 4 0 14 32 0 18
32 6 5 2 122 0 0 3
30 6 5 2 134 0 0 2
28 5 4 1 0 29 0 13
28 5 4 1 154 0 0 1
29 5 5 0 142 0 0 2
31 5 6 1 126 0 0 3
28 5 4 0 5 42 0 12
30 5 5 0 117 0 0 1
32 7 5 2 140 0 0 4
28 4 5 0 0 39 0 15
30 6 5 1 19 29 0 22
27 5 4 0 0 32 0 18
29 7 5 1 53 22 0 19
28 5 5 0 50 29 0 4
31 7 5 3 153 0 0 3
28 5 4 0 139 0 0 2
28 6 5 2 127 0 0 3
28 5 4 0 15 31 0 14
36 6 5 1 81 0 0 1
36 6 5 0 72 0 0 1
30 6 6 0 10 29 0 22
28 5 4 1 53 21 0 5
36 4 6 0 84 0 0 2
36 6 6 1 91 0 0 1
30 6 6 0 92 12 0 4
26 4 4 0 6 27 0 41
31 6 6 0 23 24 0 4
29 4 4 1 142 0 0 4
28 4 5 0 0 29 0 28
28 6 4 1 155 0 0 3
32 7 5 2 130 0 0 2
28 6 5 0 160 0 0 2
32 6 5 1 133 0 0 3
28 5 4 0 5 28 0 6
36 4 5 0 99 0 0 2
28 4 5 0 3 27 0 11
28 4 6 0 33 29 0 4
28 5 5 1 21 22 0 20
36 4 6 0 87 0 0 1
28 6 5 2 33 25 0 6
26 5 4 0 175 0 0 5
29 5 5 1 18 30 0 5
31 6 5 1 42 20 0 6
28 4 4 0 154 0 0 2
30 6 5 1 155 0 0 3
30 6 4 0 14 28 0 4
27 4 4 0 15 31 0 20
36 6 6 1 71 0 0 1
28 5 4 0 2 31 0 15
30 4 5 0 33 21 0 7
32 5 5 0 121 0 0 2
28 5 5 0 61 21 0 4
36 6 6 0 99 0 0 2
36 6 5 0 73 0 0 1
29 5 5 0 36 22 0 17
30 5 4 0 149 0 0 4
37 5 6 1 36 18 0 4
28 6 5 0 21 31 0 22
36 4 6 0 71 0 0 1
29 5 6 0 152 0 0 4
26 4 4 0 13 29 0 10
28 4 5 0 29 25 0 38
30 6 5 0 152 0 0 2
28 4 4 0 54 22 0 9
28 5 5 0 174 0 0 3
31 5 5 1 9 30 0 8
36 6 6 1 84 0 0 1
29 4 4 1 0 26 0 4
28 5 4 0 30 31 0 11
29 5 4 0 0 30 0 9
36 4 7 0 95 0 0 2
28 4 4 0 0 31 0 23
31 6 5 1 145 0 0 2
28 5 5 0 66 20 0 3
28 5 5 0 162 0 0 4
36 4 5 0 77 0 0 1
29 5 4 1 155 0 0 3
28 6 4 1 18 33 0 15
28 6 4 1 147 0 0 2
28 4 5 0 34 29 0 10
36 6 6 0 97 0 0 1
36 5 6 1 92 0 0 1
30 6 5 1 153 0 0 7
31 5 4 1 10 30 0 7
36 5 6 0 99 0 0 1
28 6 6 1 79 23 0 7
29 5 5 1 156 0 0 2
30 6 5 2 135 0 0 1
28 6 4 1 33 32 0 4
36 7 6 1 102 0 0 1
36 4 7 0 92 0 0 1
27 4 4 0 15 29 0 32
36 4 5 0 74 0 0 1
28 5 4 1 152 0 0 2
29 4 4 1 143 0 0 4
31 7 5 3 142 0 0 7
32 6 6 2 73 16 0 6
36 4 6 0 91 0 0 1
37 5 6 1 87 0 0 2
28 4 5 0 6 30 0 24
28 4 6 0 8 31 0 9
28 4 4 0 151 0 0 6
36 5 6 0 100 0 0 1
28 5 4 1 151 0 0 2
30 6 6 1 36 31 0 24
30 5 5 0 147 0 0 1
36 5 5 0 97 0 0 1
26 5 4 0 9 33 0 20
36 6 6 1 107 0 0 2
29 4 5 1 2 29 0 9
28 5 5 0 6 29 0 9
28 4 4 0 8 21 0 10
30 6 5 2 117 0 0 3
36 5 5 1 91 0 0 1
36 5 6 0 110 0 0 3
30 6 4 0 158 0 0 6
28 4 5 1 20 39 0 16
29 4 4 1 31 27 0 4
36 6 6 1 105 0 0 1
28 6 4 2 24 31 0 39
31 6 4 0 142 0 0 2
32 6 6 1 23 22 0 31
29 5 4 0 1 39 0 15
29 7 5 1 79 24 0 7
32 6 5 1 119 0 0 2
37 5 5 0 86 0 0 1
29 5 5 0 0 30 0 5
37 5 6 1 89 0 0 1
25 5 4 1 16 44 0 44
29 5 6 1 155 0 0 4
28 5 5 1 156 0 0 4
36 6 6 0 106 0 0 1
30 5 5 0 145 0 0 2
36 5 5 0 98 0 0 1
27 5 5 1 0 30 0 38
28 4 4 1 0 22 0 17
28 5 5 1 33 28 0 3
28 6 5 1 28 24 0 19
26 5 4 1 2 30 0 9
30 6 5 0 148 0 0 3
36 6 6 1 100 0 0 1
30 6 5 1 133 0 0 1
29 5 5 2 159 0 0 5
28 5 5 1 159 0 0 2
28 5 5 0 165 0 0 2
30 6 5 0 79 24 0 2
28 5 4 0 2 29 0 7
32 6 5 1 12 25 0 3
36 6 7 1 94 0 0 2
36 5 6 1 90 0 0 1
37 5 6 0 79 0 0 1
28 5 4 0 55 19 0 5
28 5 5 1 154 0 0 4
26 4 5 0 0 31 0 95
29 5 5 0 9 28 0 7
36 5 8 0 104 0 0 2
30 5 5 0 159 0 0 3
29 5 5 0 16 28 0 7
30 6 6 0 39 23 0 4
36 5 5 1 71 0 0 1
29 7 4 1 46 30 0 4
28 5 4 0 15 32 0 24
28 4 4 0 41 29 0 14
28 6 4 1 3 26 0 8
36 5 5 1 80 0 0 1
28 4 5 1 0 29 0 31
31 6 4 0 146 0 0 2
29 5 4 0 17 25 0 4
28 4 6 0 24 26 0 11
30 6 5 1 144 0 0 5
28 4 5 0 26 31 0 9
28 4 4 0 21 20 0 6
28 4 4 1 133 0 0 2
31 6 4 0 135 0 0 3
28 5 4 0 16 31 0 8
28 5 5 0 0 27 0 32
32 6 5 1 111 0 0 1
31 6 5 1 59 15 0 2
29 5 6 0 37 21 0 2
30 5 5 0 148 0 0 2
29 5 5 0 164 0 0 5
25 4 4 1 0 32 0 31
28 4 5 0 22 40 0 19
30 5 6 0 148 0 0 2
28 4 5 1 45 27 0 14
27 5 5 0 3 43 0 7
32 6 5 1 125 0 0 2
26 4 4 1 0 31 0 95
30 6 5 0 134 0 0 2
32 6 6 1 133 0 0 5
29 5 5 0 29 28 0 5
29 5 5 0 11 30 0 14
30 6 5 1 161 0 0 2
30 5 5 0 73 18 0 4
30 4 5 0 147 0 0 4
35 5 5 1 103 0 0 2
36 5 5 1 96 0 0 1
30 5 5 0 0 30 0 11
26 4 4 0 9 27 0 11
26 6 4 0 64 19 0 5
30 6 5 0 8 31 0 9
28 6 4 0 45 19 0 12
31 5 6 1 14 28 0 16
28 5 4 1 168 0 0 3
36 6 5 0 84 0 0 1
28 5 5 0 12 39 0 19
26 4 4 0 30 28 0 12
24 4 3 0 0 34 0 317
29 4 4 0 147 0 0 3
37 5 7 1 101 0 0 2
28 5 4 0 158 0 0 4
28 5 6 1 8 39 0 30
28 5 5 0 0 31 0 9
30 4 5 0 0 27 0 16
29 5 5 1 10 32 0 5
28 5 5 1 40 28 0 4
30 5 5 0 157 0 0 2
28 5 5 0 0 32 0 5
28 4 5 0 39 28 0 9
28 5 4 0 0 28 0 18
36 5 6 0 89 0 0 2
28 5 5 0 172 0 0 2
28 6 5 2 13 31 0 31
26 4 4 0 0 31 0 19
30 5 5 0 55 21 0 10
28 4 5 0 5 39 0 10
28 5 5 0 49 27 0 4
36 6 6 0 93 0 0 1
28 4 5 0 0 30 0 13
37 5 5 0 81 0 0 1
30 6 4 1 77 12 0 5
29 5 4 0 8 28 0 3
28 5 4 0 145 0 0 4
28 4 5 0 45 24 0 23
31 6 6 1 45 19 0 3
36 4 5 0 73 0 0 1
26 6 4 0 3 29 0 15
28 4 4 0 166 0 0 4
28 6 5 0 1 30 0 55
28 5 5 0 153 0 0 3
36 6 5 0 74 0 0 2
28 5 4 0 152 0 0 3
36 4 6 0 74 0 0 1
30 6 5 0 152 0 0 3
28 5 5 0 2 31 0 12
36 4 6 0 99 0 0 1
29 5 5 0 106 12 0 7
36 6 5 0 103 0 0 1
30 4 5 0 36 30 0 5
28 4 5 0 4 28 0 10
28 6 5 1 84 21 0 6
28 6 4 2 45 26 0 11
25 4 4 0 0 33 0 44
28 5 4 1 25 31 0 6
28 5 4 1 38 26 0 6
30 6 5 1 137 0 0 2
36 5 7 1 73 0 0 1
28 5 4 0 146 0 0 5
29 5 5 0 2 27 0 24
29 5 5 0 0 29 0 9
28 4 5 0 2 31 0 14
30 4 5 0 0 29 0 14
28 4 5 1 0 39 0 85
29 4 5 1 138 0 0 4
28 5 5 0 30 26 0 11
36 6 5 1 90 0 0 1
28 5 4 0 16 27 0 9
37 5 7 0 89 0 0 2
30 4 4 0 142 0 0 3
32 6 5 2 58 21 0 2
28 4 5 0 76 22 0 9
27 4 5 0 6 28 0 13
29 5 5 0 4 27 0 46
30 6 4 2 133 0 0 2
36 6 5 1 79 0 0 1
28 5 4 0 90 22 0 8
28 4 6 0 88 14 0 5
30 4 5 0 9 27 0 4
28 5 5 0 166 0 0 3
28 4 4 0 0 26 0 9
29 5 4 2 148 0 0 3
29 5 5 2 139 0 0 2
35 5 6 1 111 0 0 3
30 4 5 0 128 0 0 2
30 5 4 0 141 0 0 2
32 7 5 1 140 0 0 3
31 6 5 0 141 0 0 4
28 4 4 0 27 31 0 8
26 6 4 2 0 40 0 12
28 6 5 0 150 0 0 1
28 6 4 0 15 29 0 13
28 5 5 0 31 29 0 13
28 4 4 0 6 27 0 3
28 5 5 0 149 0 0 2
26 6 5 0 0 41 0 30
36 5 6 0 95 0 0 1
30 4 6 0 154 0 0 3
36 6 6 0 94 0 0 2
30 6 5 2 151 0 0 2
29 4 5 0 6 26 0 7
36 6 5 1 85 0 0 1
28 5 4 0 163 0 0 5
37 5 5 0 65 0 0 0
31 7 5 3 143 0 0 3
28 5 4 1 167 0 0 3
28 5 5 0 26 21 0 12
28 6 4 0 41 20 0 16
36 6 5 1 81 0 0 1
26 5 4 0 3 28 0 124
31 6 5 0 21 26 0 2
27 5 4 1 10 27 0 10
30 6 5 0 154 0 0 4
30 5 5 0 8 29 0 7
28 5 4 0 39 25 0 10
31 7 5 3 67 12 0 2
28 4 5 0 0 37 0 15
28 4 5 0 28 27 0 6
29 5 4 2 20 23 0 15
30 6 5 0 95 12 0 5
28 4 4 1 1 20 0 15
28 5 4 0 39 23 0 3
29 5 5 0 159 0 0 4
27 5 4 0 157 0 0 4
30 6 5 0 45 31 0 6
26 5 4 0 0 31 0 41
29 5 6 0 3 30 0 58
30 6 5 0 155 0 0 2
30 6 5 0 150 0 0 2
36 6 6 0 93 0 0 1
30 6 4 0 8 28 0 9
30 6 4 0 152 0 0 3
36 7 6 1 98 0 0 1
27 5 4 0 2 26 0 5
29 5 4 0 157 0 0 3
28 5 6 0 5 30 0 11
29 7 5 3 34 35 0 3
30 4 6 0 1 28 0 9
28 5 5 1 162 0 0 3
36 5 8 0 106 0 0 2
30 4 6 0 0 29 0 6
28 4 4 0 84 18 0 10
30 6 5 0 155 0 0 2
36 6 5 1 75 0 0 1
37 5 5 0 72 0 0 1
26 4 4 1 173 0 0 2
28 5 5 1 0 30 0 49
29 6 4 1 150 0 0 2
28 6 4 1 0 29 0 16
30 5 4 0 131 0 0 1
28 4 4 0 24 30 0 4
28 5 4 0 156 0 0 2
28 6 5 1 5 29 0 25
28 6 4 1 47 22 0 4
29 5 5 0 159 0 0 4
28 5 4 0 21 23 0 20
36 6 6 0 69 0 0 0
30 5 5 0 14 30 0 5
29 4 5 0 3 29 0 6
28 4 4 0 140 0 0 2
28 6 4 1 161 0 0 8
28 5 4 0 3 22 0 11
26 5 3 0 50 22 0 5
30 6 6 2 22 29 0 8
30 6 6 2 151 0 0 2
29 4 5 1 139 0 0 4
28 4 4 0 63 19 0 6
29 4 6 0 4 29 0 23
25 4 4 1 0 29 0 25
36 6 6 0 92 0 0 1
29 7 4 1 63 30 0 7
28 6 6 1 3 29 0 12
27 4 5 0 75 25 0 8
28 4 4 0 150 0 0 2
25 4 3 1 0 29 0 39
30 5 4 0 127 0 0 2
36 5 5 1 90 0 0 1
28 6 4 1 22 31 0 8
36 6 5 0 82 0 0 2
28 5 5 0 24 30 0 8
28 5 4 0 149 0 0 3
29 5 4 0 27 21 0 7
36 7 6 1 110 0 0 2
31 7 4 3 137 0 0 2
28 4 4 0 0 27 0 8
36 5 7 1 109 0 0 4
28 6 6 1 25 25 0 8
28 6 4 0 161 0 0 4
31 6 5 0 131 0 0 3
27 5 4 0 172 0 0 2
28 6 4 0 62 23 0 3
25 5 4 1 20 34 0 34
35 5 6 1 97 0 0 1
31 5 5 1 140 0 0 2
28 5 6 0 31 30 0 22
28 4 5 0 0 40 0 12
28 5 5 1 7 27 0 4
28 6 4 1 12 21 0 11
28 5 4 0 45 23 0 3
28 4 6 0 6 39 0 5
36 6 6 0 116 0 0 2
31 7 4 3 143 0 0 3
28 6 4 2 0 25 0 15
28 5 4 0 0 29 0 10
28 6 5 0 0 34 0 28
26 5 4 0 25 30 0 12
36 6 6 1 114 0 0 1
36 6 6 0 110 0 0 1
30 6 5 1 45 21 0 5
37 5 6 1 91 0 0 2
30 6 5 1 14 32 0 7
29 7 4 1 50 23 0 3
36 6 6 1 86 0 0 2
28 5 5 1 74 25 0 6
31 7 4 3 139 0 0 2
30 6 5 0 147 0 0 5
36 5 6 0 92 0 0 1
30 6 7 1 78 22 0 4
28 5 4 0 60 25 0 4
30 5 4 0 147 0 0 8
32 6 5 0 61 17 0 12
31 7 5 3 145 0 0 2
28 5 5 0 4 28 0 19
28 4 5 0 165 0 0 4
26 4 5 0 62 22 0 13
28 4 4 1 0 29 0 51
28 5 5 0 0 40 0 12
36 6 5 0 75 0 0 1
30 4 4 0 0 26 0 10
28 4 4 0 155 0 0 5
36 5 7 0 71 0 0 1
28 5 4 0 161 0 0 5
30 6 5 1 46 21 0 2
36 7 6 1 62 0 0 0
29 5 4 1 8 40 0 4
28 5 4 1 79 19 0 4
30 6 4 2 160 0 0 3
31 6 4 0 143 0 0 3
28 5 4 0 163 0 0 3
32 6 5 0 136 0 0 2
36 5 5 1 86 0 0 1
30 6 6 1 33 30 0 9
30 6 5 0 138 0 0 4
36 5 5 0 89 0 0 1
36 5 7 0 19 20 0 3
27 5 5 1 67 16 0 4
30 5 6 0 44 19 0 3
30 6 5 1 148 0 0 3
28 5 5 1 178 0 0 7
30 4 5 0 8 27 0 9
28 4 4 0 11 31 0 3
28 5 4 0 54 20 0 8
25 5 4 1 49 24 0 20
27 5 4 0 0 28 0 16
28 5 5 0 39 24 0 8
28 6 5 0 30 22 0 8
36 6 5 1 89 0 0 1
28 6 5 0 19 27 0 4
36 6 6 1 89 0 0 1
36 6 5 0 86 0 0 1
28 5 6 0 65 31 0 5
29 4 5 1 0 26 0 21
30 6 5 0 53 21 0 4
26 4 4 1 35 27 0 51
37 5 9 0 43 20 0 4
30 4 4 0 34 26 0 2
28 5 5 0 162 0 0 4
26 4 4 0 0 41 0 152
30 6 4 1 23 30 0 18
36 6 5 0 108 0 0 1
28 6 4 1 0 39 0 14
30 5 6 0 29 21 0 11
30 6 5 0 160 0 0 2
30 6 5 2 27 30 0 3
36 6 6 1 87 0 0 1
28 5 4 0 168 0 0 3
28 4 5 0 9 30 0 7
29 5 4 0 8 29 0 5
36 5 5 0 85 0 0 1
28 4 5 0 17 32 0 11
28 4 4 1 156 0 0 2
28 6 4 1 168 0 0 3
28 6 4 0 4 31 0 16
28 4 4 0 162 0 0 4
29 7 4 1 69 14 0 3
26 4 4 0 8 29 0 3
28 5 4 0 9 28 0 7
25 4 3 1 47 25 0 7
29 4 5 0 59 16 0 4
37 5 6 1 84 0 0 2
36 7 6 1 113 0 0 6
30 6 5 0 147 0 0 2
30 4 5 0 116 0 0 5
28 5 5 0 26 22 0 5
30 6 5 2 30 29 0 3
28 5 4 0 171 0 0 2
30 6 5 1 101 14 0 6
36 6 5 0 114 0 0 2
28 6 4 0 16 23 0 4
31 6 5 1 134 0 0 2
26 4 4 0 0 31 0 9
28 5 4 1 160 0 0 2
30 4 5 0 4 27 0 7
26 6 4 0 23 26 0 6
36 5 6 1 103 0 0 3
28 5 5 0 7 26 0 3
28 4 4 0 3 28 0 9
30 4 6 0 14 38 0 7
26 5 4 1 0 30 0 9
28 6 4 1 2 28 0 8
28 5 4 1 13 28 0 3
28 6 5 1 24 21 0 5
36 4 6 0 99 0 0 1
30 6 5 0 143 0 0 3
32 6 5 1 114 0 0 1
30 5 5 0 134 0 0 3
30 6 6 1 143 0 0 3
36 6 5 0 89 0 0 1
28 5 4 0 14 33 0 8
30 4 5 0 34 16 0 4
30 5 5 0 149 0 0 3
36 6 6 0 105 0 0 2
37 5 6 0 73 0 0 1
28 6 5 1 164 0 0 3
36 4 5 0 73 0 0 1
30 6 5 0 53 23 0 5
36 5 7 1 85 0 0 2
37 5 7 0 82 0 0 1
31 5 6 1 25 30 0 12
26 4 4 0 0 31 0 28
29 7 5 1 164 0 0 3
27 4 4 0 186 0 0 4
36 6 6 1 91 0 0 1
30 6 4 2 138 0 0 2
28 6 4 1 47 31 0 6
28 5 5 1 91 17 0 4
30 6 4 1 133 0 0 2
31 7 5 3 134 0 0 2
28 4 4 0 41 23 0 7
36 6 6 1 76 0 0 1
36 4 7 0 28 20 0 3
28 5 4 0 170 0 0 2
31 6 6 1 151 0 0 3
32 6 4 0 117 0 0 2
28 5 4 0 28 27 0 4
26 5 4 1 23 24 0 10
28 6 4 1 16 30 0 19
36 7 6 1 127 0 0 2
31 6 4 0 129 0 0 2
29 4 5 1 155 0 0 3
29 5 5 0 4 27 0 8
31 6 5 0 151 0 0 4
28 5 5 0 54 23 0 25
29 4 4 0 14 31 0 4
28 5 4 0 0 28 0 14
27 5 5 1 6 29 0 51
28 5 5 0 92 18 0 8
28 5 5 1 0 28 0 5
36 5 6 0 91 0 0 2
28 6 5 1 52 29 0 14
26 4 4 1 46 30 0 2
28 5 4 0 29 27 0 5
36 5 7 1 93 0 0 1
36 6 5 0 94 0 0 1
36 5 8 0 95 0 0 3
28 5 5 0 125 0 0 7
30 4 5 0 136 0 0 4
26 4 4 0 0 28 0 8
32 7 5 1 46 19 0 8
28 5 4 0 4 27 0 10
28 4 5 0 0 29 0 12
36 6 6 1 94 0 0 1
28 6 4 1 13 23 0 17
26 4 4 0 0 29 0 18
28 4 4 0 16 21 0 6
36 4 5 0 95 0 0 1
29 5 6 0 14 27 0 4
30 4 5 0 138 0 0 2
30 6 5 0 5 29 0 4
30 4 4 0 133 0 0 2
28 5 5 1 4 27 0 16
25 4 4 0 2 32 0 11
36 6 5 1 72 0 0 1
29 7 4 1 145 0 0 3
25 5 4 1 196 0 0 2
36 6 5 0 95 0 0 1
30 6 4 2 141 0 0 1
28 4 4 0 155 0 0 2
30 6 5 0 9 28 0 9
28 4 4 1 3 26 0 6
29 5 5 0 1 31 0 16
28 6 4 1 0 29 0 11
28 5 5 0 45 28 0 2
29 5 5 0 29 29 0 3
28 5 5 0 160 0 0 6
36 5 6 0 92 0 0 1
30 6 5 0 57 18 0 4
30 4 5 0 147 0 0 4
28 5 5 1 0 31 0 19
31 6 5 1 138 0 0 3
30 4 6 0 144 0 0 3
30 6 4 0 69 19 0 6
37 5 6 1 89 0 0 2
32 7 5 2 140 0 0 3
28 6 4 0 7 31 0 26
30 6 4 0 0 31 0 7
28 4 6 0 77 15 0 6
28 5 4 0 32 27 0 5
29 4 4 1 149 0 0 2
30 5 6 0 162 0 0 4
26 5 4 0 7 33 0 12
30 5 5 0 20 30 0 21
36 5 6 0 91 0 0 4
28 4 5 1 169 0 0 5
29 4 5 0 20 25 0 8
37 5 7 1 95 0 0 1
28 5 4 0 8 32 0 11
32 5 5 0 125 0 0 3
30 5 4 0 128 0 0 1
30 6 5 0 23 29 0 3
28 4 4 0 0 29 0 19
26 4 4 0 28 33 0 24
28 6 5 1 93 14 0 6
30 6 5 0 145 0 0 2
36 6 6 1 97 0 0 1
30 6 5 1 146 0 0 2
27 5 4 1 57 22 0 5
26 4 4 0 13 27 0 13
27 5 5 0 24 41 0 41
28 5 5 1 74 18 0 4
28 5 4 0 159 0 0 5
30 4 5 0 1 27 0 8
29 4 5 1 27 26 0 4
30 6 4 2 151 0 0 3
28 5 5 0 58 17 0 6
36 6 6 0 100 0 0 2
30 5 4 0 152 0 0 2
28 4 5 0 36 29 0 4
28 5 4 1 161 0 0 2
28 4 4 1 3 29 0 7
36 4 5 0 72 0 0 1
28 4 5 0 148 0 0 3
28 5 6 0 22 27 0 6
36 5 6 1 79 0 0 1
28 6 4 0 158 0 0 3
28 5 4 0 2 30 0 50
31 7 5 3 141 0 0 2
30 5 6 0 12 25 0 4
28 4 4 0 137 0 0 3
28 4 4 1 15 26 0 13
26 4 4 1 8 31 0 24
28 4 5 0 6 30 0 10
36 6 6 1 86 0 0 1
26 6 4 0 13 24 0 29
36 5 5 0 78 0 0 1
36 6 6 0 92 0 0 2
31 7 5 3 146 0 0 3
36 6 5 0 59 0 0 1
27 5 4 0 166 0 0 3
30 5 5 0 140 0 0 5
36 6 6 1 76 0 0 1
28 4 5 0 150 0 0 1
28 5 5 0 168 0 0 2
37 5 6 1 95 0 0 1
28 5 4 1 143 0 0 1
28 6 5 2 13 42 0 128
29 4 5 1 38 28 0 6
30 6 4 2 63 18 0 8
30 4 5 0 126 0 0 1
28 5 4 0 155 0 0 5
28 5 5 0 2 31 0 13
35 5 5 1 109 0 0 1
30 6 4 1 133 0 0 2
28 5 5 0 18 29 0 7
30 6 5 0 40 21 0 5
28 4 5 0 0 30 0 14
37 5 6 0 107 0 0 1
31 5 5 1 128 0 0 2
26 4 5 0 37 21 0 11
28 5 5 0 2 27 0 3
30 4 4 0 109 0 0 2
29 5 5 2 59 21 0 5
36 7 5 1 102 0 0 2
36 5 5 1 80 0 0 1
28 5 5 0 11 29 0 5
36 5 8 0 1 26 0 13
36 6 6 1 82 0 0 1
28 5 4 0 4 34 0 5
28 5 5 0 13 40 0 8
36 5 7 1 95 0 0 4
30 5 6 0 13 31 0 11
30 6 5 0 128 0 0 2
36 5 6 0 91 0 0 1
28 5 4 1 72 15 0 6
27 5 4 1 149 0 0 2
30 6 4 0 41 22 0 3
31 5 5 1 130 0 0 3
28 5 4 0 56 17 0 4
28 4 5 0 8 30 0 11
27 5 4 0 162 0 0 3
28 5 4 1 26 33 0 5
31 5 5 1 63 16 0 5
30 5 4 0 132 0 0 3
32 6 5 1 45 24 0 3
28 5 5 0 148 0 0 5
28 5 4 0 16 27 0 29
28 4 4 0 161 0 0 6
30 6 5 0 46 21 0 11
28 4 4 0 37 26 0 29
28 4 5 0 0 40 0 29
28 6 5 1 24 42 0 70
27 5 4 1 0 31 0 7
31 6 6 0 30 28 0 7
30 6 4 2 142 0 0 3
28 4 4 0 174 0 0 4
28 4 4 0 0 29 0 34
28 5 4 0 29 22 0 6
32 6 5 2 73 21 0 6
36 5 5 1 87 0 0 1
30 6 5 1 123 13 0 4
36 5 6 0 79 0 0 1
28 5 5 0 13 29 0 3
29 5 5 0 0 29 0 6
28 4 4 0 151 0 0 3
29 4 5 1 146 0 0 4
29 4 5 0 33 30 0 5
36 6 5 1 102 0 0 1
31 5 5 1 1 29 0 12
26 5 4 0 0 32 0 47
36 6 7 1 107 0 0 4
36 6 6 0 114 0 0 2
28 6 4 1 0 27 0 147
28 5 5 0 40 29 0 7
28 4 4 0 0 30 0 16
35 5 5 1 102 0 0 1
28 5 4 0 13 29 0 4
28 5 4 0 28 33 0 12
28 5 6 0 0 41 0 18
28 4 4 0 0 28 0 42
28 5 5 0 3 29 0 3
26 4 4 0 0 41 0 93
32 6 5 1 117 0 0 3
28 5 4 1 172 0 0 4
28 4 5 0 26 29 0 8
30 6 6 0 43 31 0 27
28 5 4 0 62 17 0 4
28 6 5 0 3 30 0 2
36 4 6 0 108 0 0 2
37 5 7 0 88 0 0 1
36 5 6 0 87 0 0 1
36 6 5 1 16 21 0 3
36 6 6 1 101 0 0 2
36 4 7 0 90 0 0 1
30 6 4 0 0 27 0 4
36 4 6 0 82 0 0 1
30 5 5 0 9 39 0 28
32 7 4 2 71 18 0 7
28 4 4 1 35 19 0 4
36 4 6 0 84 0 0 2
37 5 6 0 76 0 0 1
36 6 7 1 103 0 0 2
31 6 5 0 141 0 0 2
28 6 4 1 171 0 0 3
36 5 5 0 78 0 0 1
28 4 5 0 6 29 0 7
28 5 5 1 9 27 0 12
31 6 5 0 150 0 0 1
30 6 5 0 25 33 0 12
28 5 4 1 153 0 0 3
36 5 5 0 89 0 0 2
28 5 5 1 68 26 0 6
28 4 5 0 20 29 0 3
28 5 4 0 43 26 0 6
28 4 5 0 173 0 0 6
29 5 4 0 6 22 0 10
30 6 5 0 61 25 0 6
36 6 6 1 100 0 0 1
36 4 6 0 100 0 0 1
29 4 4 1 0 25 0 4
31 7 4 3 146 0 0 3
36 6 6 1 89 0 0 1
31 6 6 0 13 21 0 9
28 4 5 0 58 21 0 5
28 4 4 0 2 30 0 9
30 5 7 0 149 0 0 2
29 4 6 1 0 29 0 6
28 5 5 1 55 23 0 5
26 5 5 0 8 29 0 11
37 5 7 1 89 0 0 1
30 5 6 0 11 27 0 9
30 6 5 2 1 29 0 11
30 5 5 0 1 28 0 6
36 6 6 1 34 26 0 2
27 4 4 0 11 32 0 18
27 5 4 0 44 22 0 6
36 6 5 1 86 0 0 1
29 5 5 0 25 29 0 3
27 5 4 0 190 0 0 5
28 4 5 0 0 28 0 12
30 6 4 0 146 0 0 4
26 5 4 0 0 41 0 10
31 6 6 1 142 0 0 1
28 6 5 0 172 0 0 2
30 5 4 0 126 0 0 1
28 5 4 0 100 14 0 6
28 5 4 1 103 14 0 10
30 5 4 0 11 25 0 6
36 7 5 1 90 0 0 2
30 6 5 0 153 0 0 2
28 4 5 0 5 32 0 12
28 6 5 0 14 23 0 5
30 6 4 0 148 0 0 3
31 7 5 3 144 0 0 3
26 5 3 0 20 32 0 4
28 5 4 0 11 31 0 33
26 4 5 0 3 31 0 6
28 5 5 0 18 23 0 16
28 6 4 1 169 0 0 3
30 6 6 1 14 31 0 14
36 4 6 0 80 0 0 1
32 6 6 1 2 28 0 14
28 5 5 0 19 29 0 22
28 4 5 0 23 22 0 28
28 6 4 2 22 27 0 34
30 4 5 0 139 0 0 2
28 4 4 0 0 29 0 4
36 6 6 0 75 0 0 1
28 4 5 0 40 32 0 10
32 6 5 1 33 19 0 5
30 5 5 0 136 0 0 1
30 6 5 0 161 0 0 4
28 5 4 0 158 0 0 3
36 6 8 0 111 0 0 2
28 6 4 0 183 0 0 4
28 6 4 2 18 28 0 4
36 6 6 1 98 0 0 1
30 5 5 0 5 30 0 4
36 6 6 1 103 0 0 3
30 6 5 0 0 29 0 5
28 5 5 0 25 31 0 9
30 5 5 0 129 0 0 3
28 5 5 0 0 31 0 13
30 6 6 0 152 0 0 3
30 4 5 0 141 0 0 2
26 5 4 0 152 0 0 6
28 4 4 0 159 0 0 2
29 5 4 0 0 27 0 9
36 6 5 1 80 0 0 2
29 5 4 0 126 0 0 2
28 5 4 0 162 0 0 3
28 5 4 0 158 0 0 6
30 6 5 0 5 31 0 29
28 5 4 1 2 28 0 12
28 4 4 0 5 26 0 8
25 4 4 0 86 23 0 10
30 6 5 0 160 0 0 3
32 6 6 0 118 0 0 1
36 6 7 1 107 0 0 2
36 5 6 0 99 0 0 1
28 5 5 0 0 32 0 73
28 5 4 0 16 21 0 4
28 5 5 0 0 27 0 9
30 6 5 1 156 0 0 2
36 7 5 1 105 0 0 1
37 5 6 0 105 0 0 3
28 5 5 1 163 0 0 3
28 5 4 0 0 28 0 8
36 5 5 0 93 0 0 1
28 5 4 1 115 18 0 3
28 4 4 0 161 0 0 2
28 5 5 0 33 29 0 3
28 5 5 0 6 30 0 46
28 5 4 1 156 0 0 3
36 4 7 0 83 0 0 1
28 4 5 0 28 28 0 5
27 5 5 1 0 42 0 22
28 5 5 0 13 43 0 12
30 4 4 0 131 0 0 2
28 5 4 0 65 19 0 3
28 4 4 1 163 0 0 4
30 6 4 2 143 0 0 2
36 6 7 0 103 0 0 2
28 6 5 2 34 26 0 12
31 6 5 0 143 0 0 3
28 5 5 0 142 0 0 2
36 6 5 1 102 0 0 2
28 5 4 0 45 21 0 3
26 4 4 0 50 30 0 5
37 5 7 0 102 0 0 2
28 6 5 1 37 28 0 7
28 5 5 1 164 0 0 3
30 6 4 0 69 13 0 2
36 6 7 0 83 0 0 1
30 6 6 0 174 0 0 3
28 5 5 0 141 0 0 3
35 5 5 1 98 0 0 1
30 6 5 0 147 0 0 1
28 5 5 1 99 23 0 3
32 7 6 1 87 19 0 3
29 5 4 0 0 30 0 7
28 6 4 1 19 28 0 6
36 6 7 1 98 0 0 2
29 5 4 0 23 21 0 6
30 5 5 0 130 0 0 2
27 4 5 0 3 32 0 20
36 6 5 1 109 0 0 2
28 5 5 0 154 0 0 2
36 6 6 0 101 0 0 1
28 4 4 1 76 15 0 3
27 5 4 0 60 24 0 12
30 6 5 2 154 0 0 2
36 5 6 1 91 0 0 1
37 5 5 0 89 0 0 1
28 6 5 2 21 22 0 13
30 6 5 0 71 13 0 2
28 4 4 0 76 21 0 5
32 6 6 1 128 0 0 4
29 5 5 0 7 30 0 16
28 4 5 0 1 30 0 12
28 5 4 1 63 20 0 4
28 4 4 1 17 27 0 16
36 6 5 1 85 0 0 1
30 5 4 0 140 0 0 4
30 6 5 0 164 0 0 6
28 4 5 0 19 29 0 16
28 5 5 1 43 30 0 5
32 7 5 2 144 0 0 3
30 4 6 0 20 26 0 3
32 7 5 2 62 23 0 7
36 6 6 0 99 0 0 1
28 5 5 0 110 0 0 10
28 6 4 1 0 31 0 19
32 6 4 2 118 0 0 2
28 5 5 1 55 24 0 8
28 5 5 0 18 31 0 10
32 5 5 0 124 0 0 2
30 6 5 0 155 0 0 5
28 5 4 0 68 22 0 3
32 6 6 1 108 0 0 1
28 4 5 0 16 26 0 5
28 5 4 1 154 0 0 4
28 4 5 0 15 25 0 10
28 5 4 0 29 21 0 5
36 6 6 1 102 0 0 2
28 5 4 0 26 28 0 4
28 4 4 0 0 29 0 46
26 4 5 0 23 41 0 43
28 6 5 1 167 0 0 3
30 6 5 0 151 0 0 2
27 5 4 0 0 30 0 69
30 6 4 1 30 25 0 22
30 6 5 1 149 0 0 3
28 4 4 0 6 31 0 6
37 5 6 0 55 0 0 0
30 6 4 1 155 0 0 3
30 6 6 0 162 0 0 4
26 5 4 1 70 20 0 6
28 6 4 2 54 20 0 5
28 4 6 0 4 31 0 11
36 5 5 0 102 0 0 1
28 4 5 0 22 29 0 11
29 5 5 0 38 21 0 7
36 5 6 0 106 0 0 2
28 5 4 0 0 29 0 11
36 5 6 0 72 0 0 1
29 5 4 0 2 32 0 23
32 7 5 1 116 0 0 3
28 5 4 0 0 41 0 42
36 6 6 0 91 0 0 1
26 4 5 0 3 31 0 16
28 5 4 0 11 32 0 9
29 4 5 0 9 28 0 9
28 5 4 1 23 22 0 5
28 5 6 0 0 29 0 99
28 5 5 0 9 31 0 28
28 5 5 0 56 32 0 6
28 4 4 0 44 21 0 4
29 4 4 1 0 27 0 7
28 5 5 0 69 21 0 12
28 5 5 0 174 0 0 6
32 6 5 2 116 0 0 3
28 5 5 0 64 19 0 7
28 4 4 0 131 0 0 2
36 6 6 0 96 0 0 1
30 4 4 0 18 22 0 3
29 7 4 3 59 26 0 6
30 6 4 1 140 0 0 3
29 7 4 1 57 27 0 4
28 6 4 2 33 21 0 12
36 4 6 0 103 0 0 6
28 4 5 0 25 29 0 31
36 6 6 0 108 0 0 2
28 5 5 0 0 39 0 38
28 5 4 0 144 0 0 2
28 5 4 0 141 0 0 5
28 4 4 1 73 22 0 7
36 5 6 0 73 0 0 1
28 6 5 2 1 32 0 22
28 4 5 0 54 24 0 4
28 4 4 1 158 0 0 3
28 5 5 0 0 30 0 72
30 5 5 0 25 20 0 7
28 5 4 0 15 41 0 8
29 5 5 0 27 26 0 3
30 6 5 0 156 0 0 4
28 5 4 1 54 22 0 11
30 6 5 2 142 0 0 3
36 7 5 1 97 0 0 2
36 6 6 1 104 0 0 1
37 5 7 1 81 0 0 1
29 5 4 0 4 28 0 18
28 5 4 1 37 34 0 5
28 6 4 0 8 21 0 38
28 5 5 0 11 27 0 12
28 4 4 0 28 29 0 9
26 6 4 0 83 28 0 7
36 6 6 1 85 0 0 1
36 7 6 1 89 0 0 1
31 6 6 0 136 0 0 2
36 6 6 1 85 0 0 1
30 6 5 1 70 24 0 3
28 6 4 1 3 31 0 10
32 6 5 1 135 0 0 1
27 4 4 0 15 26 0 7
36 7 6 1 104 0 0 1
32 5 4 0 123 0 0 2
29 4 5 1 54 22 0 3
31 6 5 1 135 0 0 2
36 6 5 1 97 0 0 3
28 4 4 0 4 29 0 6
29 4 6 0 9 27 0 8
28 5 4 0 162 0 0 4
30 4 4 0 4 23 0 3
28 5 4 0 3 31 0 40
30 5 6 0 23 28 0 4
28 4 4 0 0 40 0 26
28 5 5 1 4 41 0 30
36 5 6 1 96 0 0 1
36 4 6 0 66 0 0 0
36 5 6 0 92 0 0 1
30 5 5 0 31 38 0 6
30 5 5 0 43 20 0 5
30 5 4 0 26 20 0 15
28 6 4 1 25 25 0 65
36 5 5 0 68 0 0 1
36 6 6 0 56 0 0 0
26 5 4 0 0 31 0 18
36 4 6 0 89 0 0 1
28 6 4 0 28 24 0 5
27 5 4 0 146 0 0 2
30 6 5 2 41 29 0 3
29 4 5 1 24 21 0 6
28 6 5 1 27 24 0 7
30 4 5 0 133 0 0 2
28 6 4 0 15 33 0 9
28 6 4 2 75 21 0 8
36 7 6 1 79 0 0 1
28 5 5 0 34 21 0 4
28 5 4 0 11 28 0 12
36 6 6 1 99 0 0 2
28 4 4 0 167 0 0 2
28 4 4 0 5 30 0 14
36 5 6 0 30 21 0 2
28 6 5 0 56 17 0 3
28 5 5 1 158 0 0 4
28 5 5 0 0 31 0 21
28 6 4 1 52 19 0 15
26 4 4 1 187 0 0 6
25 4 4 0 29 29 0 6
28 4 4 0 0 31 0 5
30 4 5 0 0 30 0 9
28 4 4 1 18 26 0 5
30 6 5 0 149 0 0 3
30 4 4 0 149 0 0 2
30 6 5 1 145 0 0 2
30 5 4 0 155 0 0 4
28 5 5 0 7 29 0 19
28 6 5 1 21 28 0 32
32 6 5 2 114 0 0 1
30 6 6 2 26 29 0 6
28 4 4 1 155 0 0 3
30 6 5 0 159 0 0 2
27 5 4 0 1 31 0 52
30 6 4 2 140 0 0 2
28 5 4 0 153 0 0 5
30 5 5 0 148 0 0 3
28 5 4 0 152 0 0 2
28 4 5 0 33 24 0 4
36 6 5 1 100 0 0 2
26 4 5 1 133 11 0 6
28 5 6 1 29 30 0 16
26 4 4 0 22 29 0 9
28 5 4 0 168 0 0 3
36 6 7 1 114 0 0 3
28 5 4 0 83 17 0 8
28 4 5 0 68 24 0 4
36 6 5 1 90 0 0 1
32 6 6 0 143 0 0 2
29 4 5 1 159 0 0 4
31 5 4 1 91 21 0 5
30 5 5 0 157 0 0 3
28 5 4 1 17 30 0 14
32 6 5 1 25 21 0 5
32 6 5 0 121 0 0 1
30 6 4 0 132 0 0 1
30 6 4 0 53 18 0 12
36 6 5 0 95 0 0 1
28 4 5 1 152 0 0 4
36 6 5 0 103 0 0 2
28 4 4 1 5 29 0 8
36 5 5 0 78 0 0 1
30 6 5 0 158 0 0 3
28 5 6 0 24 27 0 13
26 4 4 0 1 32 0 15
30 6 4 0 146 0 0 3
36 6 5 1 86 0 0 1
29 5 4 0 37 21 0 3
30 6 4 2 146 0 0 2
28 5 4 0 51 32 0 3
28 5 4 1 64 28 0 4
28 4 5 0 156 0 0 4
28 5 5 0 0 29 0 67
30 6 5 0 13 27 0 3
28 4 5 0 3 30 0 21
30 6 5 0 122 0 0 1
30 6 5 0 136 0 0 2
36 5 6 1 94 0 0 1
28 5 4 1 167 0 0 3
28 5 5 0 7 30 0 12
28 4 4 0 7 30 0 11
25 4 5 0 0 32 0 209
30 5 6 0 52 24 0 5
36 6 5 1 104 0 0 2
28 4 4 0 4 31 0 20
30 6 5 0 150 0 0 4
36 6 7 1 95 0 0 1
30 4 5 0 146 0 0 3
36 6 7 0 114 0 0 4
30 6 4 1 2 27 0 43
29 4 5 1 152 0 0 7
36 6 7 0 0 27 0 14
28 5 5 0 30 30 0 5
30 4 5 0 156 0 0 2
28 4 4 0 0 30 0 7
30 6 4 0 49 21 0 5
28 5 5 1 18 29 0 13
36 6 6 1 88 0 0 1
28 5 4 0 23 30 0 10
28 5 4 0 0 30 0 29
28 4 6 0 10 28 0 5
36 6 5 0 87 0 0 1
28 5 4 0 154 0 0 5
28 5 4 0 5 24 0 9
28 5 5 0 19 27 0 41
30 6 5 0 20 30 0 12
29 7 5 1 47 27 0 4
28 5 5 1 0 28 0 7
28 6 4 1 0 29 0 4
29 5 5 0 143 0 0 3
30 5 5 0 136 0 0 3
28 4 5 0 0 28 0 7
36 6 7 1 86 0 0 1
28 5 4 0 0 29 0 83
31 6 4 1 41 17 0 3
28 5 5 1 152 0 0 4
26 4 4 0 93 18 0 4
28 5 5 1 0 31 0 14
28 5 4 0 28 29 0 7
31 6 4 0 0 40 0 65
30 5 4 0 121 0 0 2
28 6 4 2 38 20 0 10
30 6 4 2 154 0 0 3
28 5 4 0 33 23 0 13
29 7 5 1 46 25 0 6
29 7 5 1 152 0 0 2
30 6 5 0 32 29 0 3
36 4 5 0 83 0 0 1
28 6 5 1 160 0 0 3
28 6 4 1 78 16 0 3
30 5 5 0 73 13 0 4
28 4 4 0 2 30 0 12
32 6 5 2 123 0 0 2
36 6 6 0 71 0 0 1
35 5 7 1 8 22 0 6
30 6 6 2 21 31 0 5
37 5 7 0 56 13 0 2
32 5 5 0 124 0 0 2
27 7 5 1 17 28 0 11
29 5 7 0 98 14 0 5
27 5 5 0 0 30 0 35
32 6 5 2 124 0 0 3
29 5 4 0 5 23 0 7
28 5 5 1 10 41 0 14
28 4 4 0 6 26 0 30
30 6 5 1 151 0 0 3
30 5 5 0 150 0 0 2
28 5 4 0 148 0 0 3
28 6 5 0 4 31 0 17
30 6 4 2 70 19 0 4
36 4 5 0 92 0 0 1
28 4 5 0 168 0 0 4
28 4 4 0 176 0 0 5
28 5 5 1 38 31 0 13
28 4 4 0 3 27 0 7
30 6 5 1 75 15 0 5
28 4 5 0 0 29 0 7
28 5 5 0 76 24 0 5
30 6 4 2 61 17 0 4
30 6 6 1 156 0 0 7
28 6 5 1 74 23 0 10
30 6 5 2 148 0 0 5
36 5 5 1 79 0 0 1
30 6 5 0 39 23 0 2
28 4 5 0 7 25 0 8
28 5 5 1 0 30 0 13
26 4 4 0 14 31 0 7
31 6 5 0 114 0 0 2
30 4 5 0 13 21 0 5
28 4 5 0 24 26 0 7
30 5 5 0 151 0 0 2
30 5 5 0 152 0 0 4
27 5 4 0 0 38 0 12
36 7 6 1 110 0 0 2
30 4 5 0 148 0 0 4
29 6 6 1 17 28 0 19
30 6 5 1 113 0 0 1
28 6 5 0 0 27 0 4
30 6 5 0 33 19 0 4
36 6 5 0 70 0 0 1
30 6 4 2 21 23 0 4
28 6 4 2 0 30 0 14
29 5 4 0 66 21 0 6
30 6 5 0 7 30 0 11
29 4 4 0 0 30 0 11
28 5 4 0 20 28 0 3
28 4 4 0 43 21 0 3
30 5 5 0 145 0 0 4
29 6 5 1 66 22 0 9
28 5 4 1 160 0 0 2
28 6 5 0 0 30 0 7
36 6 6 0 77 0 0 1
29 5 5 0 146 0 0 2
28 5 5 1 10 29 0 16
28 6 4 0 43 18 0 14
28 4 5 0 4 31 0 3
28 5 4 1 167 0 0 2
32 5 6 0 132 0 0 2
30 6 5 0 36 24 0 2
32 6 6 1 139 0 0 5
26 4 4 0 9 31 0 250
36 6 5 0 82 0 0 1
28 5 4 1 100 18 0 7
28 6 5 0 51 23 0 4
32 7 5 1 142 0 0 3
28 5 4 0 85 19 0 5
28 4 5 1 0 29 0 8
28 6 4 0 26 23 0 11
28 4 4 0 11 30 0 4
29 5 5 0 71 17 0 9
30 4 4 0 22 29 0 3
36 5 7 1 99 0 0 1
28 5 5 0 0 39 0 5
30 6 5 2 151 0 0 2
28 6 4 1 77 15 0 7
30 6 5 0 136 0 0 3
28 6 4 1 5 29 0 16
30 6 6 0 176 0 0 8
29 5 5 0 27 27 0 3
29 5 5 0 150 0 0 2
28 4 4 0 0 28 0 6
29 5 4 0 141 0 0 3
30 6 6 0 147 0 0 3
30 5 6 0 9 29 0 4
28 5 7 0 3 40 0 10
36 4 5 0 79 0 0 1
36 6 6 0 93 0 0 1
28 6 5 2 81 21 0 8
36 7 6 1 87 0 0 1
28 5 4 1 161 0 0 3
30 5 5 0 4 29 0 14
31 6 5 0 38 22 0 3
30 5 6 0 20 23 0 7
31 6 4 1 85 12 0 2
30 6 5 1 163 0 0 4
36 6 6 1 102 0 0 3
36 6 5 1 102 0 0 1
29 5 5 0 28 28 0 3
36 5 6 0 68 0 0 1
28 4 4 0 3 29 0 15
32 6 6 2 128 0 0 2
30 6 6 0 39 31 0 6
30 6 5 2 56 20 0 7
37 5 6 0 93 0 0 2
28 4 5 0 152 0 0 3
30 6 5 0 14 25 0 16
28 5 4 0 0 28 0 9
36 6 6 1 106 0 0 2
36 5 6 0 103 0 0 1
28 5 5 1 172 0 0 2
30 6 4 1 150 0 0 3
31 6 6 0 8 25 0 8
36 7 6 1 113 0 0 1
28 5 4 0 168 0 0 2
31 5 4 1 130 0 0 3
30 6 5 0 151 0 0 3
30 4 6 0 15 26 0 4
28 5 4 1 0 30 0 7
28 4 4 1 148 0 0 2
37 5 6 1 81 0 0 1
29 7 4 1 21 32 0 22
29 5 4 2 144 0 0 2
28 4 4 0 74 26 0 4
30 5 4 0 50 24 0 3
28 4 5 1 13 27 0 40
36 6 5 1 98 0 0 1
36 6 6 1 82 0 0 1
25 5 4 1 7 42 0 15
30 4 5 0 127 0 0 2
29 7 4 1 74 24 0 3
29 4 5 1 148 0 0 2
28 4 4 0 5 26 0 39
30 6 5 0 24 21 0 5
29 5 5 0 129 0 0 2
28 5 5 0 16 25 0 24
36 5 8 1 93 0 0 1
36 5 6 1 107 0 0 2
32 6 5 2 34 26 0 4
30 5 5 0 9 28 0 7
28 5 4 0 8 24 0 5
28 4 4 0 7 23 0 7
28 4 4 0 0 25 0 9
28 5 4 0 157 0 0 3
30 5 4 0 148 0 0 2
28 5 4 0 5 21 0 17
36 4 6 0 95 0 0 2
30 6 5 2 147 0 0 2
36 6 5 1 103 0 0 1
28 5 4 0 82 23 0 3
28 5 4 0 0 29 0 9
28 4 5 0 0 28 0 19
29 6 4 1 144 0 0 2
30 6 5 1 53 23 0 4
28 6 4 2 103 12 0 6
28 5 5 0 20 30 0 5
28 5 5 1 31 23 0 11
30 4 4 0 127 0 0 3
30 6 4 2 26 21 0 19
30 5 7 0 0 28 0 6
36 5 6 0 96 0 0 1
26 4 4 0 23 28 0 9
26 4 4 0 191 0 0 5
27 7 5 3 160 0 0 2
28 5 4 1 172 0 0 4
31 5 6 1 7 30 0 26
28 6 4 0 13 26 0 5
28 4 4 0 11 39 0 18
30 6 5 2 142 0 0 2
30 6 4 1 154 0 0 4
29 4 5 0 19 24 0 5
28 5 5 2 118 0 0 4
28 6 5 1 20 29 0 67
28 5 5 0 44 28 0 5
28 5 4 0 0 30 0 11
36 5 6 1 81 0 0 1
32 6 6 2 130 0 0 4
36 6 5 0 104 0 0 2
28 4 4 0 154 0 0 2
30 6 5 1 0 30 0 22
30 6 5 1 146 0 0 4
30 5 4 0 145 0 0 3
30 6 5 1 144 0 0 4
28 6 4 1 58 23 0 11
36 6 5 1 96 0 0 1
30 6 5 0 2 26 0 14
35 5 6 1 114 0 0 3
28 5 4 0 33 28 0 30
29 7 5 1 161 0 0 2
36 5 6 0 87 0 0 1
28 4 4 0 1 28 0 5
28 5 5 1 0 27 0 13
28 5 5 0 26 30 0 15
36 5 5 1 89 0 0 1
30 6 5 1 157 0 0 3
26 4 4 0 0 30 0 40
28 5 4 1 19 28 0 11
36 5 5 0 81 0 0 1
28 4 4 0 43 20 0 3
37 5 7 0 88 0 0 1
28 4 5 0 157 0 0 8
32 6 5 1 140 0 0 8
28 5 4 0 0 29 0 4
36 5 5 1 95 0 0 2
36 4 7 0 87 0 0 1
26 4 4 1 178 0 0 5
36 6 5 0 86 0 0 1
30 6 6 1 67 27 0 8
27 4 4 0 25 31 0 24
29 4 4 1 0 27 0 17
30 6 5 0 151 0 0 2
28 5 4 1 145 0 0 2
32 6 5 0 135 0 0 2
26 4 5 0 17 33 0 13
30 5 5 0 17 26 0 5
27 5 4 1 8 32 0 3
28 5 5 1 87 17 0 4
31 6 5 1 131 0 0 3
29 4 5 0 149 0 0 3
30 5 6 0 0 28 0 29
26 4 4 1 39 23 0 27
36 6 6 0 106 0 0 1
31 6 5 0 137 0 0 2
28 5 4 0 162 0 0 4
31 6 6 1 57 16 0 3
30 6 5 0 154 0 0 5
30 6 4 0 136 0 0 2
28 6 4 0 1 31 0 6
28 5 5 1 10 30 0 10
30 6 5 1 71 16 0 3
28 4 5 0 10 29 0 28
35 5 6 1 53 15 0 5
30 6 5 0 161 0 0 3
32 5 5 0 16 26 0 4
28 5 5 0 162 0 0 2
28 6 5 1 3 26 0 4
30 6 5 0 14 40 0 6
29 5 4 0 148 0 0 2
28 6 5 1 32 28 0 12
30 6 6 0 87 17 0 5
28 4 6 0 3 29 0 12
30 5 4 0 146 0 0 3
32 6 5 1 135 0 0 3
31 6 6 1 78 14 0 2
28 5 5 0 146 0 0 8
30 6 5 2 41 31 0 9
28 5 5 0 26 42 0 5
28 6 4 1 159 0 0 3
37 5 6 0 87 0 0 1
28 4 5 0 0 27 0 8
28 4 5 1 2 28 0 35
35 5 6 1 115 0 0 2
30 5 5 0 53 20 0 7
30 5 5 0 127 0 0 1
28 6 4 0 20 20 0 9
31 7 5 3 125 0 0 2
28 5 5 0 19 31 0 7
28 5 4 1 8 29 0 8
28 5 4 0 172 0 0 14
30 6 5 2 25 21 0 2
30 6 5 0 161 0 0 2
28 4 5 0 163 0 0 6
28 6 5 0 37 31 0 3
30 6 5 0 135 0 0 2
29 5 5 1 15 28 0 9
28 4 5 0 108 13 0 3
36 6 5 0 89 0 0 1
30 6 5 2 154 0 0 3
28 5 5 1 162 0 0 2
36 6 5 1 84 0 0 1
28 4 5 1 27 28 0 6
36 7 5 1 115 0 0 4
28 4 5 0 6 29 0 4
29 5 4 0 138 0 0 4
30 4 5 0 4 28 0 6
28 6 5 1 3 42 0 13
36 6 6 1 94 0 0 2
31 5 6 1 133 0 0 2
28 4 5 0 159 0 0 3
36 5 5 1 76 0 0 1
36 6 6 1 63 0 0 0
36 6 5 1 72 0 0 0
28 5 5 0 0 41 0 13
36 5 7 0 86 0 0 1
29 5 5 0 14 26 0 4
30 6 4 0 167 0 0 5
28 5 4 1 4 29 0 43
29 4 5 1 19 28 0 18
36 6 5 0 89 0 0 1
28 5 5 0 18 28 0 17
28 5 5 0 153 0 0 2
30 6 5 0 49 22 0 10
30 6 5 2 122 0 0 1
28 4 4 0 3 30 0 14
28 4 4 0 42 24 0 26
28 5 5 1 32 25 0 11
30 6 4 0 134 0 0 2
28 6 4 0 3 32 0 11
30 5 5 0 145 0 0 4
28 4 5 0 2 31 0 30
36 6 6 1 91 0 0 1
28 5 4 0 8 28 0 20
36 6 6 0 91 0 0 2
28 5 5 1 64 18 0 5
28 5 6 1 168 0 0 5
28 6 4 2 11 30 0 13
28 4 4 0 10 29 0 11
30 6 5 1 4 28 0 12
29 5 5 0 134 0 0 2
28 5 4 0 21 31 0 3
31 6 5 0 157 0 0 4
28 5 4 0 14 41 0 6
29 5 4 0 4 28 0 10
31 6 5 0 3 29 0 5
28 6 5 0 185 0 0 4
28 6 4 1 17 24 0 5
29 5 5 0 27 27 0 6
26 4 4 0 0 31 0 92
29 7 4 1 159 0 0 3
29 5 6 0 1 28 0 13
28 4 4 1 147 0 0 2
32 6 5 1 121 0 0 2
36 4 5 0 80 0 0 1
36 5 6 0 82 0 0 1
28 5 4 0 10 21 0 10
30 5 5 0 149 0 0 3
28 4 4 0 0 39 0 9
28 5 5 1 141 0 0 1
26 4 4 1 15 28 0 8
36 5 7 0 102 0 0 1
30 6 5 0 36 31 0 3
28 4 5 0 4 32 0 5
30 5 4 0 123 0 0 3
36 5 6 1 95 0 0 2
28 5 4 0 19 29 0 28
28 4 4 1 76 17 0 5
30 4 5 0 3 28 0 7
28 5 5 0 165 0 0 4
36 5 6 0 73 0 0 1
36 6 6 1 96 0 0 2
30 5 5 0 153 0 0 4
31 7 5 3 147 0 0 3
30 4 5 0 131 0 0 3
31 5 5 1 21 39 0 5
30 4 6 0 59 13 0 4
28 4 5 0 7 26 0 4
31 6 4 0 122 0 0 2
28 6 5 1 42 33 0 11
28 4 4 1 1 29 0 22
37 5 6 1 95 0 0 3
36 4 6 0 94 0 0 1
31 6 6 0 168 0 0 3
28 4 4 0 46 24 0 5
28 5 4 1 79 24 0 6
29 4 6 0 37 26 0 10
28 5 5 0 27 30 0 67
28 4 4 0 149 0 0 2
31 6 4 0 17 22 0 2
28 6 4 1 12 30 0 8
28 4 5 0 0 28 0 11
28 4 5 0 22 29 0 8
32 7 5 1 22 22 0 6
31 6 5 0 4 27 0 9
28 6 4 2 0 29 0 57
28 5 5 0 5 27 0 39
29 5 4 0 142 0 0 2
28 4 6 0 3 29 0 13
30 6 5 2 32 21 0 2
28 5 4 1 75 21 0 6
28 4 6 0 0 29 0 22
30 6 5 2 149 0 0 3
36 5 7 0 101 0 0 1
36 7 6 1 90 0 0 1
28 4 4 1 129 0 0 2
30 5 6 0 26 26 0 6
28 4 5 0 82 16 0 8
32 7 5 1 42 20 0 3
28 5 4 0 152 0 0 2
28 4 6 1 9 29 0 40
29 7 4 1 17 32 0 19
28 5 4 1 161 0 0 2
36 5 5 0 91 0 0 1
28 4 4 0 53 27 0 5
28 5 5 0 17 25 0 11
28 5 4 0 0 26 0 30
28 4 5 0 0 40 0 16
28 5 4 0 3 26 0 4
30 6 5 0 8 27 0 7
30 6 4 1 139 0 0 3
28 5 5 0 4 33 0 24
36 5 7 0 74 0 0 1
30 4 4 0 0 29 0 5
28 5 4 0 157 0 0 2
36 4 7 0 108 0 0 3
36 5 5 1 81 0 0 1
28 4 5 0 15 31 0 5
36 4 6 0 97 0 0 1
30 6 6 0 31 29 0 8
30 6 5 1 165 0 0 4
37 5 6 0 71 0 0 1
28 5 4 0 90 12 0 5
28 5 6 0 4 30 0 77
28 4 6 0 14 23 0 6
28 4 4 0 144 0 0 1
26 5 4 1 23 29 0 30
28 5 4 1 4 26 0 7
28 4 4 0 142 0 0 2
36 5 6 0 106 0 0 1
30 4 4 0 0 29 0 7
28 4 4 0 4 27 0 46
29 5 5 0 153 0 0 4
28 6 4 1 160 0 0 3
36 5 6 0 48 11 0 3
28 5 5 0 126 0 0 2
30 5 4 0 138 0 0 3
28 4 4 0 158 0 0 10
30 6 5 0 55 22 0 8
28 5 5 0 11 31 0 12
28 5 6 0 23 42 0 6
30 6 5 2 145 0 0 2
30 6 4 1 137 0 0 4
36 5 6 0 82 0 0 1
28 5 6 0 185 0 0 5
25 4 4 1 5 28 0 22
29 5 4 0 23 29 0 42
28 5 4 0 153 0 0 2
28 5 4 1 91 19 0 3
28 4 4 0 6 28 0 8
29 4 4 1 22 25 0 6
36 6 5 0 95 0 0 1
28 4 4 0 152 0 0 6
36 4 6 0 76 0 0 1
28 6 5 0 70 25 0 3
31 7 5 3 136 0 0 2
36 7 6 1 100 0 0 1
28 5 5 1 168 0 0 2
27 5 4 0 0 39 0 14
28 5 5 0 70 20 0 24
31 6 5 0 133 0 0 2
28 6 4 0 17 26 0 5
30 6 5 1 148 0 0 2
27 5 4 0 43 24 0 7
32 7 5 2 124 0 0 2
28 5 4 1 164 0 0 6
30 4 5 0 144 0 0 2
30 6 6 0 150 0 0 3
28 4 5 0 164 0 0 4
36 4 6 0 103 0 0 2
37 5 6 0 70 0 0 1
25 4 4 1 186 0 0 4
28 4 6 0 11 28 0 5
28 4 4 0 149 0 0 2
30 6 5 1 50 19 0 6
32 6 5 1 132 0 0 3
36 4 5 0 99 0 0 1
28 4 5 0 0 40 0 22
36 7 6 1 97 0 0 3
31 6 5 0 36 28 0 4
29 5 4 0 15 30 0 8
26 4 4 0 0 30 0 49
30 4 5 0 133 0 0 3
30 6 4 0 154 0 0 3
31 5 5 1 122 0 0 1
25 5 4 1 3 30 0 18
30 6 5 1 41 19 0 5
30 4 5 0 141 0 0 4
28 6 5 1 8 27 0 57
28 5 5 1 47 31 0 6
36 6 6 0 88 0 0 1
30 5 4 0 137 0 0 4
30 5 5 0 146 0 0 4
28 4 4 0 144 0 0 3
29 5 5 0 22 29 0 2
30 6 5 2 156 0 0 2
30 4 7 0 14 22 0 11
29 5 4 0 156 0 0 3
28 5 5 0 15 29 0 3
28 6 4 1 152 0 0 2
36 5 6 0 83 0 0 1
29 5 5 0 4 30 0 5
28 4 5 0 136 0 0 3
28 5 4 1 13 28 0 6
32 7 5 2 140 0 0 3
28 4 4 0 170 0 0 4
29 5 5 0 140 0 0 6
28 4 4 0 10 30 0 7
30 5 5 0 142 0 0 3
36 5 6 0 98 0 0 1
27 5 4 0 165 0 0 3
30 6 5 1 154 0 0 4
32 7 4 1 113 0 0 3
30 6 6 0 21 22 0 6
29 5 4 0 24 24 0 6
36 6 7 1 95 0 0 1
28 4 5 0 0 39 0 44
30 4 4 0 119 0 0 2
30 6 5 0 149 0 0 4
28 5 7 0 46 39 0 6
28 5 5 1 163 0 0 4
28 4 4 0 32 24 0 7
30 5 5 0 115 10 0 4
36 6 6 0 90 0 0 1
28 6 6 1 0 29 0 4
28 4 4 0 0 30 0 5
28 4 5 0 37 29 0 23
28 5 4 0 172 0 0 4
30 6 4 0 127 0 0 2
28 5 5 1 7 31 0 6
28 5 5 0 29 34 0 7
28 4 5 0 40 21 0 18
28 4 4 0 152 0 0 3
28 5 4 0 160 0 0 2
28 6 4 1 2 30 0 22
30 5 5 0 88 20 0 10
32 6 6 1 37 27 0 8
30 5 5 0 0 27 0 26
30 4 6 0 23 27 0 16
37 5 5 0 88 0 0 1
32 6 6 2 4 29 0 23
36 5 5 0 90 0 0 1
30 6 4 1 101 11 0 5
28 5 4 0 0 41 0 5
29 5 5 0 17 26 0 6
31 6 5 1 130 0 0 3
28 4 4 0 78 15 0 3
28 4 5 1 57 24 0 10
36 6 7 0 103 0 0 1
28 6 4 0 158 0 0 5
30 5 5 0 147 0 0 2
31 7 5 3 140 0 0 2
28 5 5 1 170 0 0 4
30 6 5 1 139 0 0 4
29 5 4 0 6 29 0 4
30 5 5 0 55 20 0 6
29 5 4 0 11 28 0 4
36 5 7 0 28 22 0 3
28 4 4 0 0 29 0 15
25 5 4 1 80 24 0 21
28 5 5 1 45 31 0 18
29 5 4 0 7 27 0 6
28 6 4 0 11 30 0 4
27 5 4 1 53 21 0 7
28 4 5 0 0 31 0 34
28 4 4 0 26 27 0 12
36 6 8 1 89 0 0 1
30 6 5 2 146 0 0 5
28 6 4 1 160 0 0 4
30 6 4 0 12 30 0 4
28 5 4 0 166 0 0 4
28 5 4 1 13 21 0 4
30 6 5 2 138 0 0 2
28 5 5 0 0 31 0 10
28 5 4 1 149 0 0 3
28 6 5 2 0 31 0 18
36 6 5 0 76 0 0 1
30 6 5 1 158 0 0 4
28 6 4 2 156 0 0 6
28 5 5 0 14 27 0 4
28 5 4 0 157 0 0 5
28 5 5 0 29 29 0 9
36 6 6 1 112 0 0 2
28 5 4 2 16 28 0 4
28 6 5 1 61 22 0 9
30 6 5 0 21 22 0 6
28 5 5 0 5 30 0 9
30 4 5 0 121 0 0 1
26 5 3 0 170 0 0 12
28 4 4 0 0 31 0 11
26 4 4 0 5 32 0 12
28 5 5 0 15 41 0 35
36 5 6 0 98 0 0 2
36 5 5 1 69 0 0 1
28 5 4 1 41 19 0 3
31 6 4 0 0 28 0 4
28 6 4 0 169 0 0 3
30 6 4 1 146 0 0 5
29 5 5 0 5 22 0 4
30 6 6 2 154 0 0 2
36 6 5 1 113 0 0 4
29 5 5 0 0 39 0 9
28 5 5 0 0 32 0 36
29 5 6 0 61 21 0 8
36 6 5 0 97 0 0 2
25 4 4 0 11 29 0 17
28 5 5 1 3 26 0 8
29 5 5 0 19 22 0 6
28 5 5 0 0 31 0 4
28 6 5 1 26 33 0 13
36 6 6 0 120 0 0 2
28 4 4 0 0 29 0 11
30 4 5 0 36 21 0 7
28 4 4 0 37 22 0 4
28 5 4 0 142 0 0 3
28 5 4 0 13 32 0 8
27 5 4 0 54 23 0 8
36 5 6 0 101 0 0 5
30 5 6 0 158 0 0 3
28 5 4 1 158 0 0 4
26 5 4 0 161 0 0 4
30 6 5 1 35 22 0 6
28 5 5 1 143 0 0 3
28 4 5 0 0 39 0 3
29 5 5 0 0 30 0 19
28 4 4 0 0 31 0 5
29 5 4 0 115 0 0 2
28 4 4 0 142 0 0 3
27 5 4 0 0 30 0 35
30 5 6 0 45 22 0 6
32 6 5 2 123 0 0 4
28 4 5 0 75 21 0 3
30 5 5 0 10 29 0 19
32 7 5 1 140 0 0 2
28 5 5 1 59 23 0 4
36 6 5 0 92 0 0 1
28 5 6 2 51 17 0 6
37 5 6 0 96 0 0 1
30 5 5 0 147 0 0 2
25 4 4 0 6 30 0 14
27 4 4 0 4 29 0 23
30 6 5 1 140 0 0 2
28 4 4 0 6 28 0 31
29 5 4 0 30 30 0 4
37 5 7 1 72 0 0 1
28 5 5 1 12 25 0 4
28 6 4 0 157 0 0 2
28 5 5 0 33 28 0 9
31 5 5 1 48 28 0 3
28 5 5 1 51 23 0 4
36 6 6 1 89 0 0 1
29 5 5 0 163 0 0 3
28 5 4 0 34 20 0 4
26 4 5 0 0 30 0 30
28 6 5 0 153 0 0 3
30 6 4 2 124 0 0 1
28 4 4 0 5 28 0 12
30 6 4 0 156 0 0 4
29 5 5 0 151 0 0 4
36 6 6 1 126 0 0 4
29 4 4 1 11 20 0 5
28 5 4 0 46 23 0 5
28 5 5 1 165 0 0 6
31 6 5 1 137 0 0 4
28 4 4 0 2 27 0 10
28 5 5 0 7 31 0 4
30 6 4 0 36 30 0 4
30 6 6 1 151 0 0 4
28 5 5 2 131 0 0 2
30 4 6 0 146 0 0 9
32 6 5 1 47 33 0 4
28 5 5 0 1 29 0 19
28 5 6 1 0 29 0 8
29 5 5 0 144 0 0 5
28 4 5 0 41 21 0 7
28 5 4 0 54 31 0 14
35 5 6 1 117 0 0 2
30 5 4 0 146 0 0 6
27 5 4 0 30 29 0 13
30 6 5 1 16 31 0 6
28 6 5 1 47 33 0 6
28 5 5 0 38 20 0 8
28 4 6 0 79 18 0 5
28 6 4 0 145 0 0 2
27 5 5 0 3 38 0 18
30 5 5 0 93 16 0 4
32 7 5 2 90 11 0 4
28 5 4 1 4 41 0 8
28 4 4 0 0 30 0 9
30 6 5 1 22 21 0 9
28 6 5 1 0 39 0 13
28 5 4 0 8 33 0 12
36 6 5 0 112 0 0 2
28 5 4 1 16 27 0 21
30 6 4 0 143 0 0 2
26 4 4 0 0 31 0 43
28 4 5 0 1 39 0 12
31 5 5 1 123 0 0 2
28 5 5 1 137 0 0 3
35 5 7 1 9 18 0 2
29 4 5 0 44 26 0 11
28 4 4 0 11 29 0 8
28 4 6 0 88 16 0 4
36 6 7 1 99 0 0 2
29 5 5 0 3 29 0 15
36 5 6 0 89 0 0 2
36 5 7 0 101 0 0 1
29 5 5 0 28 29 0 35
36 5 7 0 107 0 0 3
28 5 4 1 156 0 0 3
28 6 4 0 20 29 0 13
28 5 4 0 0 29 0 25
28 5 5 0 42 24 0 3
26 5 4 1 0 31 0 14
28 5 4 0 6 28 0 6
36 4 5 0 95 0 0 3
28 5 5 0 9 30 0 13
25 4 4 0 106 20 0 5
29 5 4 0 82 10 0 2
28 4 5 0 0 31 0 26
28 6 4 0 173 0 0 6
30 6 5 0 138 0 0 2
31 6 4 0 57 19 0 2
36 6 5 0 80 0 0 0
28 4 6 0 156 0 0 2
36 6 5 1 75 0 0 1
28 6 4 2 3 30 0 38
29 5 6 0 0 38 0 52
36 6 6 1 89 0 0 1
28 4 4 0 35 29 0 3
32 6 5 1 6 30 0 3
29 5 4 0 14 27 0 8
30 6 5 0 21 22 0 13
28 4 5 0 25 27 0 9
28 5 4 0 145 0 0 4
37 5 6 0 66 0 0 1
27 5 4 0 7 29 0 7
26 4 4 0 0 32 0 24
28 5 5 1 63 29 0 10
36 5 6 0 92 0 0 1
28 6 4 2 41 21 0 15
36 5 6 0 88 0 0 1
28 4 4 0 21 29 0 35
36 6 6 0 107 0 0 1
36 6 8 1 110 0 0 1
28 6 5 1 15 31 0 40
28 6 4 0 60 23 0 7
28 5 4 0 80 17 0 3
28 6 5 0 150 0 0 2
30 5 4 0 15 28 0 7
28 5 4 0 141 0 0 2
28 5 4 0 12 25 0 14
26 4 4 0 169 0 0 3
28 6 5 1 79 0 0 3
36 6 6 1 83 0 0 1
30 6 5 2 36 26 0 9
28 5 5 1 18 29 0 4
28 5 4 0 12 28 0 6
28 4 5 0 44 24 0 5
32 6 6 1 88 11 0 4
28 5 5 0 5 33 0 5
37 5 5 1 75 0 0 1
29 5 4 0 131 0 0 3
30 6 5 1 141 0 0 2
36 6 5 1 62 0 0 0
30 6 4 0 22 24 0 8
36 4 7 0 108 0 0 1
28 5 4 0 155 0 0 2
28 4 5 0 0 40 0 55
28 4 4 0 161 0 0 3
28 5 4 2 167 0 0 5
26 5 4 0 4 29 0 40
28 6 4 1 156 0 0 3
32 7 7 1 155 0 0 5
28 6 4 1 8 31 0 7
30 5 5 0 137 0 0 2
36 5 5 1 67 0 0 1
29 5 4 0 147 0 0 2
28 5 4 1 151 0 0 2
32 5 6 0 9 28 0 10
28 5 5 0 50 23 0 6
30 6 4 0 30 18 0 5
28 5 5 0 18 29 0 14
28 5 6 1 0 27 0 27
30 6 5 2 0 30 0 18
29 5 5 1 148 0 0 2
37 5 6 0 88 0 0 2
28 6 5 2 156 0 0 2
28 5 5 0 1 29 0 13
30 6 5 1 133 0 0 2
28 4 4 0 8 29 0 26
28 4 4 0 0 28 0 3
28 5 4 1 150 0 0 3
26 4 5 0 10 29 0 178
28 4 4 0 0 27 0 26
27 5 5 0 23 30 0 10
29 5 4 1 35 21 0 15
28 4 5 0 0 27 0 26
28 6 5 2 151 0 0 2
28 4 4 0 151 0 0 4
36 6 8 1 76 0 0 1
29 5 5 0 69 14 0 3
28 5 5 1 10 31 0 5
30 6 4 0 79 18 0 2
26 5 4 0 31 33 0 4
32 6 6 2 21 23 0 13
30 5 5 0 145 0 0 3
28 4 5 1 32 28 0 7
28 4 4 0 59 26 0 8
36 5 6 0 97 0 0 1
28 5 5 0 3 31 0 13
30 6 4 0 120 0 0 2
29 5 4 0 3 28 0 8
28 6 5 1 38 30 0 13
30 6 6 0 158 0 0 4
28 4 5 0 3 30 0 21
30 6 5 1 9 32 0 21
37 5 6 1 82 0 0 1
30 6 4 2 146 0 0 3
36 7 6 1 101 0 0 3
30 6 5 1 12 30 0 5
28 6 4 1 40 21 0 6
28 4 5 0 6 40 0 30
28 5 4 0 6 28 0 18
36 4 6 0 89 0 0 3
28 5 4 0 29 23 0 19
28 6 4 1 154 0 0 2
26 4 4 0 0 28 0 11
28 6 4 2 6 29 0 7
31 6 5 0 32 26 0 3
28 5 4 0 165 0 0 4
31 5 7 1 1 30 0 7
30 6 4 1 54 24 0 9
32 7 6 2 41 25 0 8
28 5 5 1 36 28 0 14
28 4 4 0 153 0 0 5
36 5 6 0 71 0 0 1
32 7 5 2 129 0 0 2
28 4 5 1 0 30 0 29
27 5 4 0 5 26 0 28
28 5 4 1 163 0 0 4
30 6 4 2 46 26 0 14
31 6 5 1 128 0 0 2
28 5 5 0 155 0 0 3
28 5 4 0 37 21 0 14
28 5 4 0 67 15 0 11
28 6 4 1 13 31 0 27
31 7 5 3 41 22 0 8
36 6 6 1 90 0 0 1
30 6 5 0 161 0 0 4
30 6 6 1 149 0 0 5
31 6 5 0 140 0 0 5
30 6 5 0 149 0 0 2
28 5 4 0 64 21 0 3
28 4 4 0 25 27 0 7
28 6 5 0 0 30 0 69
30 6 5 0 47 24 0 2
28 6 4 1 152 0 0 3
30 6 5 0 136 0 0 2
32 6 5 2 125 0 0 3
27 5 4 0 0 28 0 47
37 5 5 0 90 0 0 1
25 4 4 0 0 42 0 86
25 4 4 1 0 30 0 10
28 5 4 0 34 23 0 5
28 4 5 0 0 30 0 41
26 4 4 0 5 40 0 23
37 5 6 0 78 0 0 1
30 6 5 0 9 31 0 10
29 5 6 0 150 0 0 2
28 4 4 0 9 29 0 2
30 6 5 0 26 31 0 15
27 5 4 0 23 30 0 6
28 5 4 0 0 41 0 11
31 6 5 1 133 0 0 4
26 4 5 0 0 43 0 42
28 4 5 1 18 29 0 15
28 5 4 1 63 27 0 4
36 5 5 0 81 0 0 2
30 6 5 2 132 0 0 1
30 4 6 0 0 28 0 4
28 5 4 0 1 30 0 10
29 5 5 0 130 0 0 3
36 5 6 0 102 0 0 3
28 5 5 0 168 0 0 4
28 4 4 0 115 11 0 6
26 4 4 0 6 29 0 15
30 6 5 2 136 0 0 2
27 5 4 0 58 24 0 6
36 5 7 0 79 0 0 1
30 6 5 0 161 0 0 8
28 4 6 0 103 17 0 5
28 4 5 0 6 29 0 7
28 4 4 0 149 0 0 5
30 4 5 0 160 0 0 4
29 5 4 0 3 25 0 49
28 5 4 0 160 0 0 2
30 5 5 0 132 0 0 3
36 6 7 1 77 0 0 1
26 5 4 0 21 32 0 22
36 6 6 1 95 0 0 1
30 4 4 0 138 0 0 3
30 6 4 1 146 0 0 4
26 4 4 0 0 31 0 33
30 4 4 0 131 0 0 5
37 5 6 1 91 0 0 2
28 5 5 1 161 0 0 4
28 5 4 1 5 25 0 2
32 5 6 0 101 0 0 1
28 4 4 0 6 26 0 9
36 5 5 0 102 0 0 1
31 6 5 1 138 0 0 2
28 6 4 1 157 0 0 5
28 6 5 0 3 31 0 26
28 6 4 1 73 28 0 3
32 5 5 0 118 0 0 5
36 6 6 0 110 0 0 2
36 6 6 0 95 0 0 3
32 6 6 1 151 0 0 9
28 5 5 0 5 32 0 67
36 6 5 0 78 0 0 1
28 6 4 0 4 31 0 19
28 5 4 1 152 0 0 3
28 4 5 0 14 31 0 15
29 4 4 0 19 25 0 8
28 6 4 2 58 17 0 8
28 4 4 0 4 25 0 10
28 5 4 1 144 0 0 2
36 6 8 1 103 0 0 1
37 5 7 0 72 0 0 1
30 4 5 0 130 0 0 3
32 6 4 0 54 22 0 2
36 6 6 0 104 0 0 1
32 7 6 2 21 28 0 24
28 5 4 1 4 38 0 26
36 6 5 0 111 0 0 3
36 6 6 1 70 0 0 1
30 6 5 1 18 40 0 6
28 4 4 1 36 28 0 18
30 6 5 2 131 0 0 1
28 4 4 0 10 23 0 14
30 5 7 0 16 37 0 12
29 6 4 1 75 23 0 6
36 6 6 1 94 0 0 1
36 5 6 0 103 0 0 2
32 6 6 2 29 31 0 13
36 6 6 1 97 0 0 1
28 4 5 0 34 26 0 6
36 6 7 0 112 0 0 1
29 5 5 0 17 27 0 4
28 5 4 0 147 0 0 3
28 4 5 1 0 40 0 23
36 6 5 0 90 0 0 1
26 6 4 0 26 32 0 12
28 4 5 0 0 40 0 5
28 5 5 0 58 25 0 7
25 5 4 1 8 42 0 29
28 6 5 2 45 30 0 39
29 5 4 0 145 0 0 3
28 6 5 1 32 31 0 88
30 6 4 1 145 0 0 2
28 6 4 1 0 28 0 22
26 4 4 1 171 0 0 2
28 6 4 2 16 30 0 21
28 5 5 0 0 29 0 8
27 5 4 0 0 42 0 106
29 5 5 0 2 28 0 9
30 6 4 0 12 25 0 14
28 6 6 1 171 0 0 3
36 6 5 1 92 0 0 1
26 6 4 0 43 30 0 5
30 6 5 2 24 33 0 18
32 6 5 2 122 0 0 2
29 5 5 0 165 0 0 2
29 5 4 0 146 0 0 2
29 5 4 1 125 0 0 4
32 7 5 2 136 0 0 4
28 5 4 1 27 24 0 3
26 4 5 0 11 32 0 23
28 5 5 0 153 0 0 3
28 6 4 2 143 0 0 5
25 4 4 0 99 24 0 23
28 5 4 0 0 28 0 14
28 6 6 0 70 18 0 9
36 5 6 0 82 0 0 1
28 5 4 0 44 18 0 4
30 5 5 0 155 0 0 4
30 5 5 0 53 16 0 7
25 4 5 1 0 30 0 5
28 6 4 0 12 30 0 12
28 5 5 0 33 22 0 10
29 5 4 0 149 0 0 4
30 5 5 0 13 19 0 7
30 6 5 1 23 27 0 3
28 4 5 0 66 17 0 14
28 4 4 0 71 18 0 17
36 5 7 1 113 0 0 3
30 5 4 0 133 0 0 2
28 6 4 2 161 0 0 3
29 5 4 2 147 0 0 2
36 7 7 1 104 0 0 2
24 4 3 1 13 23 0 31
36 6 5 1 106 0 0 1
28 5 5 0 6 27 0 27
28 6 4 1 38 21 0 4
28 4 5 0 27 22 0 3
28 4 4 0 0 40 0 9
28 5 5 0 18 30 0 6
36 5 7 0 87 0 0 1
36 6 5 1 93 0 0 1
36 6 6 0 78 0 0 1
29 5 4 1 23 29 0 13
30 5 4 0 3 30 0 7
29 5 6 0 0 39 0 26
36 5 6 1 89 0 0 1
36 6 7 1 108 0 0 2
36 5 7 0 71 0 0 1
30 6 5 1 148 0 0 6
27 7 4 1 84 17 0 3
30 6 5 2 147 0 0 3
28 5 4 2 23 31 0 11
28 4 5 0 5 28 0 4
28 5 5 0 102 15 0 6
29 4 5 0 40 24 0 10
29 4 5 0 1 29 0 24
28 5 4 0 14 24 0 12
32 6 5 1 138 0 0 2
30 6 5 2 139 0 0 2
28 5 5 0 164 0 0 3
27 5 5 0 0 41 0 47
28 5 5 1 154 0 0 3
36 6 7 0 98 0 0 1
28 5 4 2 16 26 0 5
28 5 5 0 47 25 0 3
28 5 5 0 152 0 0 3
